16,134,2,2
16,965,2,2
16,1046,2,2
16,1539,2,2
16,1579,2,2
16,1633,2,5
16,1708,2,2
16,2151,2,2
16,2206,2,2
16,2592,2,2
16,2638,2,2
16,2639,2,3
16,2929,2,2
16,3345,2,2
16,3619,2,2
16,4051,2,3
16,4211,2,2
16,4244,2,2
16,5129,2,2
16,5672,2,2
16,6235,2,2
16,6688,2,2
16,6849,2,2
16,7079,2,2
16,9652,2,2
16,10211,2,2
16,10355,2,2
16,10755,2,2
16,11124,2,2
16,11909,2,2
16,12033,2,2
16,12522,2,2
16,12608,2,3
16,12896,2,2
16,14099,2,4
16,15670,2,3
16,15673,2,3
16,16242,2,2
25,13615,2,2
25,14411,2,2
69,93,2,2
69,559,2,2
69,1782,2,2
69,3619,2,2
69,4777,2,2
69,5085,2,2
69,10310,2,2
69,12872,2,2
69,13721,2,2
70,1292,2,3
70,2554,2,3
70,3601,2,2
70,3619,2,3
70,4873,2,2
70,5153,2,2
70,6652,2,2
70,7166,2,2
70,8483,2,2
70,11431,2,2
70,12923,2,2
70,13222,2,2
70,13373,2,2
70,14248,2,2
70,15356,2,3
72,14976,2,2
93,559,2,2
93,1782,2,2
93,3619,2,2
93,4777,2,5
93,5085,2,2
93,10310,2,2
93,12872,2,3
93,13721,2,3
122,912,2,2
122,2101,2,2
122,2132,2,2
122,2201,2,2
122,3235,2,2
122,4138,2,2
122,6360,2,2
122,7486,2,2
122,8366,2,2
122,8918,2,2
122,14535,2,2
123,1434,2,2
123,3489,2,2
123,4813,2,2
123,4930,2,3
123,5147,2,2
123,5621,2,2
123,6092,2,2
123,6621,2,2
123,6861,2,2
123,6887,2,3
123,6940,2,2
123,6971,2,2
123,7276,2,3
123,7323,2,2
123,8203,2,2
123,9521,2,2
123,9568,2,2
123,10601,2,2
123,10750,2,2
123,10809,2,3
123,10990,2,2
123,11127,2,2
123,11184,2,3
123,12108,2,3
123,13800,2,2
123,14360,2,2
123,14533,2,2
123,14807,2,2
123,14864,2,2
123,15126,2,2
123,15208,2,2
134,965,2,2
134,1046,2,2
134,1292,2,3
134,1539,2,3
134,1579,2,2
134,1633,2,4
134,1708,2,2
134,2151,2,2
134,2206,2,2
134,2592,2,2
134,2638,2,2
134,2639,2,3
134,2929,2,3
134,3345,2,2
134,3619,3,4
134,3792,2,3
134,4051,2,2
134,4211,2,2
134,4244,2,2
134,4515,2,2
134,5129,2,2
134,5243,2,3
134,5444,2,2
134,5633,2,2
134,5672,2,2
134,6235,2,2
134,6467,2,2
134,6556,2,2
134,6570,2,2
134,6688,2,2
134,6849,2,2
134,6866,2,2
134,6960,2,2
134,7079,2,2
134,7492,2,2
134,7759,2,3
134,7864,2,2
134,8227,2,3
134,8323,2,3
134,8616,2,2
134,9652,2,2
134,10211,2,2
134,10355,2,2
134,10755,2,2
134,11124,3,3
134,11909,2,2
134,12033,2,2
134,12334,2,3
134,12522,2,2
134,12608,2,2
134,12896,2,4
134,14099,2,2
134,14291,2,3
134,15016,2,2
134,15670,2,4
134,15673,2,2
134,16184,2,2
134,16242,2,2
169,12843,2,2
169,13239,2,2
169,13602,2,2
203,912,2,3
203,2101,2,2
203,14976,2,3
205,4470,2,2
205,13053,2,3
231,1325,2,3
231,2447,2,2
231,7202,2,3
231,13615,2,4
231,14252,2,2
231,15743,2,3
247,355,2,7
247,485,2,2
247,1050,2,4
247,1325,2,4
247,1578,3,4
247,2042,2,4
247,2253,2,5
247,2344,2,3
247,2737,2,3
247,4228,2,2
247,6658,2,5
247,8050,2,3
247,8319,2,2
247,8439,2,3
247,8972,2,2
247,10364,2,2
247,12884,2,2
247,13122,2,3
247,14900,2,3
247,15586,2,3
255,11155,2,3
262,9389,2,3
262,9707,2,3
262,12478,2,5
303,1002,2,2
303,1076,2,2
303,2425,2,2
303,2770,2,2
303,3451,2,2
303,3507,2,3
303,3737,2,3
303,3909,2,2
303,4037,2,3
303,4306,2,4
303,4356,2,2
303,4891,2,3
303,5193,2,7
303,5256,2,4
303,5406,2,2
303,5519,2,4
303,6507,2,3
303,6781,2,2
303,7026,2,4
303,7134,2,3
303,7688,2,2
303,7762,2,2
303,7898,2,2
303,9268,2,2
303,9971,2,2
303,10269,2,2
303,10657,2,2
303,12032,2,5
303,13873,2,2
303,13978,2,2
303,14023,2,3
303,14287,2,2
303,14864,2,2
303,15414,2,5
303,15608,2,2
303,15789,2,3
305,1036,2,2
305,3792,2,2
305,6919,2,2
305,8294,2,2
305,8439,2,3
339,355,3,5
339,816,2,2
339,3672,2,3
339,4271,2,2
339,4777,2,3
339,5635,2,2
339,6641,2,2
339,8888,2,2
339,9238,2,2
339,12898,2,4
339,13615,4,6
339,14535,2,2
339,15446,2,3
339,15655,2,3
339,15666,2,2
347,3790,2,2
347,8199,2,2
355,816,2,2
355,1104,2,5
355,1124,2,3
355,1284,2,8
355,1413,2,2
355,1525,3,3
355,1641,2,4
355,1853,2,5
355,2146,2,5
355,2201,2,5
355,2563,2,5
355,3222,2,3
355,3532,2,2
355,3569,2,3
355,3792,2,3
355,3925,2,2
355,4737,2,2
355,4777,2,6
355,4881,2,3
355,4930,2,5
355,5204,2,2
355,5462,2,2
355,5621,2,5
355,5954,2,5
355,6201,2,4
355,6207,2,4
355,6328,2,3
355,6641,2,3
355,6762,2,3
355,6837,2,2
355,7190,2,3
355,7224,2,2
355,7371,2,2
355,7429,2,3
355,7609,2,4
355,7864,2,4
355,8366,2,10
355,8693,2,2
355,8918,4,9
355,8943,2,6
355,9047,2,2
355,9051,2,2
355,9247,2,4
355,9279,2,2
355,9415,2,11
355,9481,2,2
355,9600,2,2
355,9813,2,2
355,9841,2,4
355,10102,2,6
355,11095,2,3
355,11135,2,3
355,11206,2,5
355,11210,2,2
355,11797,2,5
355,11900,2,5
355,12390,2,2
355,12823,2,3
355,12881,2,2
355,12898,3,7
355,12986,2,3
355,13337,2,2
355,13411,2,4
355,13566,2,3
355,13615,5,14
355,14161,2,3
355,14285,2,3
355,14311,2,2
355,14618,2,5
355,14786,2,3
355,14937,2,2
355,14976,3,5
355,15228,2,2
355,15446,2,2
355,15460,3,7
355,15608,2,4
355,15655,2,3
355,16206,2,5
382,10584,2,2
402,406,2,2
402,1922,2,3
402,2754,2,2
402,3619,2,3
402,4558,2,2
402,4635,2,3
402,5243,2,2
402,5749,2,2
402,6059,2,2
402,6748,2,2
402,7377,2,2
402,7710,2,2
402,8227,2,2
402,8407,2,2
402,9368,2,2
402,9432,2,2
402,11490,2,3
402,15950,2,2
403,1385,2,2
403,2530,2,3
403,4556,2,2
403,5174,2,3
403,5656,2,2
403,7532,2,2
403,10314,2,2
403,11151,2,2
403,12025,2,2
403,14043,2,3
403,15534,2,2
405,3264,2,2
405,3291,2,2
405,8916,2,2
405,9737,2,2
406,1207,2,2
406,1304,2,2
406,1922,2,3
406,2080,2,2
406,2544,2,3
406,2592,2,2
406,2639,2,3
406,2691,2,2
406,2754,2,3
406,3619,2,3
406,3964,2,2
406,3996,2,2
406,4018,2,2
406,4468,2,2
406,4502,2,2
406,4539,2,2
406,4558,2,2
406,4635,2,4
406,4812,2,4
406,5043,2,2
406,5243,2,2
406,5749,2,7
406,5897,2,2
406,5900,2,2
406,5952,2,2
406,6059,2,3
406,6570,2,2
406,6688,2,2
406,6748,2,3
406,6779,2,2
406,6886,2,3
406,7001,2,2
406,7026,2,3
406,7257,2,2
406,7324,2,2
406,7377,2,2
406,7688,2,2
406,7710,2,2
406,8227,2,2
406,8407,2,2
406,9036,2,2
406,9298,2,3
406,9368,2,2
406,9432,3,3
406,9683,2,3
406,10268,2,2
406,10367,2,2
406,11092,2,3
406,11490,2,2
406,12522,2,2
406,12806,2,3
406,13193,2,2
406,13435,2,2
406,14090,2,3
406,14557,2,2
406,15214,2,2
406,15789,2,3
406,15950,2,2
406,16052,2,2
417,10638,2,2
417,14101,2,2
426,12274,2,2
448,2344,2,3
448,4228,2,2
448,11899,2,3
448,13219,2,2
463,2117,2,3
463,2728,2,2
463,4205,2,4
463,4415,2,3
463,4470,2,2
463,8597,2,2
463,10272,2,2
463,13053,2,3
467,7335,2,2
467,8918,2,3
467,13443,2,2
467,14555,2,2
467,16206,2,2
470,715,2,2
471,1575,2,2
471,5228,2,2
485,1050,2,2
485,1325,2,2
485,1578,2,2
485,2253,2,2
485,2344,2,3
485,2580,2,2
485,2737,2,2
485,4228,2,2
485,6658,2,2
485,7165,2,2
485,8050,2,2
485,8439,2,2
485,10364,2,2
485,11186,2,2
485,12884,2,2
485,13122,2,2
485,14900,2,2
501,1325,2,2
501,2344,2,2
512,559,2,2
512,773,2,2
512,1772,2,2
512,3619,2,2
512,5243,2,2
512,8227,2,2
512,9055,2,2
512,9670,2,2
512,11111,2,2
559,773,2,2
559,1772,2,4
559,1782,2,2
559,3619,3,3
559,4777,2,2
559,5085,2,2
559,5243,2,2
559,7264,2,2
559,7767,2,3
559,8227,2,2
559,9055,2,4
559,9670,2,2
559,10310,2,2
559,11111,2,2
559,12231,2,2
559,12872,2,2
559,13721,2,3
589,2902,2,2
589,3563,2,2
589,9203,2,2
598,7162,2,2
598,10405,2,2
598,10455,2,2
600,4621,2,3
626,909,2,2
626,3291,2,2
626,3802,2,2
626,5155,2,2
626,7487,2,2
626,8068,2,2
626,8469,2,3
626,8703,2,2
626,9621,2,4
626,9875,2,3
626,11343,2,2
626,12869,2,2
687,2322,2,2
687,2486,2,2
687,3776,2,2
687,7276,2,2
687,11151,2,2
687,11221,2,2
687,11838,2,2
687,13764,2,2
687,15414,2,2
706,912,2,4
706,1032,2,2
706,1061,2,2
706,1946,2,2
706,3792,2,2
706,4777,2,3
706,5025,2,2
706,7420,2,2
706,8918,2,2
706,12898,2,4
706,13566,2,2
706,15378,2,3
706,15460,2,4
732,6092,2,3
732,12255,2,3
758,1464,2,2
758,7125,2,2
758,8329,2,2
762,4308,2,2
762,10291,2,2
762,11121,2,2
762,14681,2,2
762,14976,2,2
773,1772,2,2
773,3619,2,3
773,5243,2,3
773,8227,2,3
773,9055,2,2
773,9670,2,2
773,11111,2,2
776,2441,2,2
776,2473,2,2
776,11471,2,2
796,7756,2,2
796,8039,2,2
796,13615,2,2
828,912,2,2
828,2101,2,3
828,2201,2,2
828,3928,2,2
828,8480,2,2
828,9089,2,2
828,11436,2,2
831,11121,2,2
851,1232,2,2
851,7026,2,2
851,7688,2,2
851,9096,2,2
851,10318,2,2
851,11909,2,2
851,12478,2,3
851,14758,2,2
851,15789,2,2
856,7264,2,2
869,6658,2,2
873,2117,2,5
873,4777,2,6
873,7264,2,4
873,11388,2,2
873,11900,2,5
873,13016,2,2
873,13615,2,12
873,14410,2,5
873,14637,2,3
897,11644,2,2
909,3291,2,2
909,3802,2,2
909,5155,2,2
909,7487,2,2
909,8068,2,2
909,8469,2,2
909,8703,2,2
909,9621,2,2
909,9875,2,2
909,11343,2,2
909,12869,2,2
911,9134,2,2
911,11900,2,2
912,2101,4,7
912,2132,2,2
912,2201,3,5
912,3135,2,2
912,3235,2,4
912,3792,2,4
912,3928,2,3
912,4138,2,6
912,5153,2,6
912,6360,2,4
912,7486,3,3
912,8366,2,9
912,8480,2,2
912,8918,2,7
912,9089,2,2
912,11436,2,2
912,13566,2,3
912,14535,2,3
912,14976,2,7
912,15460,2,8
912,15464,2,4
965,1046,2,2
965,1539,2,2
965,1579,2,2
965,1633,2,2
965,1708,2,2
965,2151,2,2
965,2206,2,2
965,2592,2,2
965,2638,2,2
965,2639,2,2
965,2929,2,2
965,3345,2,2
965,3619,2,2
965,4051,2,2
965,4211,2,2
965,4244,2,2
965,5129,2,2
965,5672,2,2
965,6235,2,2
965,6688,2,2
965,6849,2,2
965,7079,2,2
965,9652,2,2
965,10211,2,2
965,10355,2,2
965,10755,2,2
965,11124,2,2
965,11909,2,2
965,12033,2,2
965,12522,2,2
965,12608,2,2
965,12896,2,2
965,14099,2,2
965,15670,2,2
965,15673,2,2
965,16242,2,2
971,2756,2,2
971,11740,2,2
971,12498,2,3
971,13337,2,2
980,5235,2,3
981,6114,2,2
981,16071,2,2
985,4125,2,2
985,4724,2,2
985,6746,2,2
985,7324,2,2
985,7904,2,2
985,8437,2,2
985,10848,2,2
985,11662,2,2
985,15016,2,2
1002,1076,2,2
1002,2425,2,2
1002,2770,2,2
1002,3451,2,2
1002,3507,2,2
1002,3737,2,4
1002,3909,2,2
1002,4037,2,2
1002,4306,2,2
1002,4356,2,2
1002,4891,2,2
1002,5193,2,2
1002,5256,2,3
1002,5406,2,2
1002,5519,2,2
1002,6507,2,2
1002,6781,2,2
1002,7026,2,2
1002,7134,2,2
1002,7688,2,2
1002,7762,2,2
1002,7898,2,2
1002,9268,2,2
1002,9971,2,2
1002,10269,2,2
1002,10657,2,2
1002,12032,2,2
1002,13873,2,2
1002,13978,2,2
1002,14023,2,2
1002,14287,2,2
1002,14864,2,2
1002,15414,2,2
1002,15608,2,2
1002,15789,2,2
1009,2473,2,2
1009,3458,2,2
1009,9826,2,2
1009,9867,2,2
1009,12739,2,2
1023,10421,2,2
1023,12093,2,2
1032,1061,2,2
1032,1946,2,2
1032,5025,2,3
1032,7420,2,3
1032,8918,2,5
1036,1325,2,2
1036,3792,2,2
1036,4205,2,2
1036,4635,2,3
1036,6919,2,2
1036,7165,2,2
1036,8294,2,2
1036,8437,2,2
1036,8439,2,2
1036,10364,2,2
1036,12665,2,2
1036,15460,2,2
1046,1539,2,2
1046,1579,2,2
1046,1633,2,2
1046,1708,2,2
1046,2151,2,2
1046,2206,2,2
1046,2592,2,2
1046,2638,2,2
1046,2639,2,2
1046,2929,2,2
1046,3345,2,2
1046,3619,2,2
1046,4051,2,2
1046,4211,2,2
1046,4244,2,2
1046,5129,2,2
1046,5672,2,2
1046,6235,2,2
1046,6688,2,2
1046,6849,2,2
1046,7079,2,2
1046,9652,2,2
1046,10211,2,2
1046,10355,2,2
1046,10755,2,2
1046,11124,2,2
1046,11909,2,2
1046,12033,2,2
1046,12522,2,2
1046,12608,2,2
1046,12896,2,2
1046,14099,2,2
1046,15670,2,2
1046,15673,2,2
1046,16242,2,2
1050,1325,2,9
1050,1578,2,5
1050,2253,2,6
1050,2344,2,6
1050,2737,2,2
1050,4228,2,2
1050,6658,2,6
1050,8050,2,5
1050,8439,2,3
1050,10364,2,4
1050,12884,2,4
1050,13122,2,6
1050,14900,2,8
1056,4570,2,2
1061,1946,2,2
1061,5025,2,2
1061,7420,2,2
1061,8918,2,3
1076,2425,2,2
1076,2770,2,2
1076,3451,2,2
1076,3507,2,2
1076,3737,2,2
1076,3909,2,2
1076,4037,2,2
1076,4306,2,2
1076,4356,2,2
1076,4891,2,2
1076,5193,2,2
1076,5256,2,2
1076,5406,2,2
1076,5519,2,2
1076,6507,2,2
1076,6781,2,2
1076,7026,2,2
1076,7134,2,2
1076,7688,2,2
1076,7762,2,2
1076,7898,2,2
1076,9268,2,2
1076,9971,2,2
1076,10269,2,2
1076,10657,2,2
1076,12032,2,2
1076,13873,2,2
1076,13978,2,2
1076,14023,2,2
1076,14287,2,2
1076,14864,2,2
1076,15414,2,2
1076,15608,2,2
1076,15789,2,2
1086,1467,2,4
1086,7532,2,2
1086,11480,2,5
1086,13479,2,3
1086,14593,2,4
1104,2530,2,3
1104,3207,2,2
1104,4306,2,2
1104,4930,2,3
1104,6184,2,3
1104,8918,2,5
1104,9859,2,2
1104,10314,2,2
1104,14150,2,2
1104,15848,2,2
1104,16097,2,2
1104,16206,2,3
1146,13615,2,2
1155,1399,2,4
1155,2117,2,8
1155,3092,2,3
1155,4205,2,5
1155,4379,2,2
1155,5576,2,4
1155,7264,2,6
1155,11900,2,7
1155,12881,2,2
1155,13615,2,11
1155,14874,2,2
1155,14953,2,2
1159,1289,2,2
1159,5228,2,2
1159,6092,2,2
1159,6971,2,3
1159,16219,2,2
1172,2581,2,2
1172,14701,2,2
1207,1304,2,2
1207,2080,2,2
1207,2544,2,2
1207,2592,2,2
1207,2639,2,2
1207,2691,2,2
1207,3964,2,2
1207,3996,2,2
1207,4018,2,2
1207,4502,2,2
1207,4539,2,2
1207,4812,2,2
1207,5043,2,2
1207,5897,2,2
1207,5900,2,2
1207,5952,2,2
1207,6570,2,2
1207,6688,2,2
1207,6779,2,2
1207,6886,2,2
1207,7001,2,2
1207,7026,2,2
1207,7257,2,2
1207,7324,2,2
1207,7688,2,2
1207,9036,2,2
1207,9298,2,2
1207,9432,2,2
1207,9683,2,2
1207,10268,2,2
1207,10367,2,2
1207,12522,2,2
1207,13193,2,2
1207,13435,2,2
1207,14090,2,2
1207,14557,2,2
1207,15214,2,2
1207,15789,2,2
1207,16052,2,2
1219,4254,2,2
1232,7026,2,2
1232,7688,2,2
1232,9096,2,2
1232,10318,2,2
1232,11909,2,2
1232,12478,2,2
1232,14758,2,2
1232,15789,2,2
1249,3291,2,2
1249,4891,2,3
1249,8017,2,3
1249,8501,2,2
1249,9251,2,2
1249,9737,2,2
1249,15608,2,2
1262,3630,2,2
1262,8385,2,2
1262,10392,2,2
1262,11547,2,2
1262,12425,2,4
1278,14249,2,2
1280,1751,2,2
1280,3792,2,3
1280,5008,2,2
1280,5153,2,3
1280,6686,2,2
1280,7265,2,2
1280,7622,2,2
1280,8922,2,2
1280,9238,2,2
1280,11332,2,2
1280,11900,2,2
1280,12699,2,2
1280,13298,2,2
1280,14519,2,3
1284,1323,2,4
1284,3955,2,2
1284,6207,2,2
1284,8943,2,4
1284,9737,2,3
1284,10159,2,2
1284,12977,2,9
1284,14324,2,2
1284,14976,2,4
1289,5228,2,2
1289,6092,2,2
1289,6971,2,2
1289,16219,2,2
1292,2554,2,3
1292,3601,2,2
1292,3619,3,4
1292,3792,2,4
1292,4515,2,2
1292,4873,2,2
1292,5153,2,3
1292,5243,2,2
1292,5444,2,2
1292,5633,2,2
1292,6467,2,2
1292,6556,2,2
1292,6570,2,2
1292,6652,2,2
1292,6866,2,2
1292,6960,2,2
1292,7166,2,3
1292,7492,2,2
1292,7759,2,3
1292,7864,2,2
1292,8227,2,2
1292,8483,2,2
1292,8616,2,2
1292,11124,2,3
1292,11431,2,2
1292,12334,2,3
1292,12923,2,2
1292,13222,2,2
1292,13373,2,2
1292,14248,2,2
1292,14291,2,2
1292,14976,2,2
1292,15016,2,2
1292,15356,2,2
1292,16184,2,2
1296,4717,2,2
1296,7880,2,3
1296,13213,2,2
1296,14555,2,2
1304,2080,2,3
1304,2544,2,2
1304,2592,2,2
1304,2639,2,2
1304,2691,2,2
1304,3964,2,2
1304,3996,2,2
1304,4018,2,2
1304,4502,2,2
1304,4539,2,2
1304,4812,2,3
1304,5043,2,2
1304,5897,2,2
1304,5900,2,2
1304,5952,2,2
1304,6570,2,2
1304,6688,2,2
1304,6779,2,2
1304,6886,2,2
1304,7001,2,2
1304,7026,2,2
1304,7257,2,2
1304,7324,2,2
1304,7688,2,2
1304,9036,2,2
1304,9298,2,2
1304,9432,2,2
1304,9683,2,2
1304,10268,2,2
1304,10367,2,2
1304,12522,2,2
1304,13193,2,2
1304,13435,2,2
1304,14090,2,2
1304,14557,2,2
1304,15214,2,2
1304,15789,2,3
1304,16052,2,2
1323,10159,2,5
1323,12977,2,8
1325,1578,2,3
1325,2117,2,3
1325,2253,2,5
1325,2344,3,6
1325,2447,2,2
1325,2728,2,2
1325,2737,2,3
1325,3563,2,3
1325,4205,2,7
1325,4228,2,2
1325,4451,2,3
1325,5206,2,2
1325,6658,2,7
1325,6682,2,2
1325,7165,2,3
1325,7202,2,2
1325,8050,2,3
1325,8439,2,3
1325,10260,2,3
1325,10364,3,6
1325,11206,2,10
1325,12884,2,2
1325,13122,2,8
1325,13615,3,8
1325,14198,2,2
1325,14252,2,2
1325,14900,3,8
1325,15460,2,9
1325,15743,2,3
1325,16012,2,3
1347,8840,2,2
1367,2146,2,3
1367,6605,2,2
1367,7371,2,2
1367,8620,2,2
1367,8900,2,2
1367,9383,2,2
1367,9469,2,2
1367,11121,2,2
1367,11885,2,2
1367,12190,2,2
1367,14243,2,2
1367,14976,2,2
1367,15099,2,2
1376,14976,2,2
1385,2530,2,2
1385,4556,2,2
1385,5174,2,2
1385,5656,2,2
1385,7532,2,2
1385,10314,2,2
1385,11151,2,3
1385,12025,2,2
1385,14043,2,2
1385,15534,2,2
1399,2117,2,2
1399,3092,2,2
1399,4205,2,2
1399,4379,2,2
1399,5576,2,3
1399,7264,2,2
1399,11900,2,2
1399,12881,2,2
1399,14874,2,2
1406,7264,2,2
1406,9410,2,2
1410,3036,2,3
1410,4560,2,3
1410,6235,2,2
1410,6351,2,3
1410,6919,2,2
1410,7494,2,2
1410,7864,2,2
1410,9016,2,2
1410,11222,2,2
1413,13615,2,2
1434,3489,2,3
1434,4813,2,2
1434,4930,2,3
1434,5147,2,2
1434,5621,2,2
1434,6092,2,3
1434,6621,2,2
1434,6861,2,3
1434,6887,2,2
1434,6940,2,2
1434,6971,2,2
1434,7276,2,3
1434,7323,2,3
1434,8203,2,2
1434,9521,2,2
1434,9568,2,2
1434,10601,2,2
1434,10750,2,2
1434,10809,2,3
1434,10990,2,3
1434,11127,2,2
1434,11184,2,2
1434,12108,2,2
1434,13800,2,2
1434,14360,2,2
1434,14533,2,2
1434,14807,2,2
1434,14864,2,2
1434,15126,2,2
1434,15208,2,2
1440,7055,2,2
1440,14374,2,2
1462,5916,2,2
1462,15159,2,2
1464,7125,2,2
1464,8329,2,3
1467,7532,2,2
1467,14593,2,2
1516,10505,2,2
1525,1853,2,3
1525,5621,2,2
1525,5831,2,2
1525,9047,2,2
1525,11797,2,2
1525,13615,2,4
1525,14084,2,2
1525,14311,2,2
1525,15228,2,2
1539,1579,2,2
1539,1633,2,2
1539,1708,2,2
1539,2151,2,2
1539,2206,2,2
1539,2592,2,2
1539,2638,2,2
1539,2639,2,2
1539,2929,2,3
1539,3345,2,2
1539,3619,2,3
1539,4051,2,2
1539,4211,2,3
1539,4244,2,2
1539,5129,2,2
1539,5672,2,2
1539,6235,2,2
1539,6688,2,2
1539,6849,2,2
1539,7079,2,2
1539,9652,2,2
1539,10211,2,2
1539,10355,2,2
1539,10755,2,2
1539,11124,2,2
1539,11909,2,2
1539,12033,2,2
1539,12522,2,2
1539,12608,2,2
1539,12896,2,3
1539,14099,2,3
1539,15670,2,3
1539,15673,2,2
1539,16242,2,2
1558,2146,2,2
1558,2653,2,3
1558,2821,2,2
1558,3227,2,2
1558,3431,2,2
1558,3488,2,2
1558,3978,2,2
1558,4209,2,2
1558,5377,2,2
1558,5470,2,2
1558,5861,2,2
1558,7565,2,2
1558,7873,2,2
1558,8772,2,2
1558,8945,2,2
1558,10398,2,2
1558,10997,2,2
1558,11797,2,2
1558,12487,2,2
1558,12943,2,2
1558,13615,2,2
1558,14095,2,2
1558,14102,2,2
1558,14296,2,2
1558,14721,2,2
1575,5228,2,2
1578,2042,2,3
1578,2253,2,4
1578,2344,2,5
1578,2580,2,2
1578,2737,2,2
1578,4228,2,3
1578,6658,2,4
1578,8050,2,3
1578,8319,2,3
1578,8439,2,2
1578,8972,2,2
1578,10364,2,4
1578,12884,2,4
1578,13122,2,4
1578,13615,2,8
1578,14900,2,5
1578,15586,2,4
1579,1633,2,3
1579,1708,2,2
1579,2151,2,2
1579,2206,2,2
1579,2592,2,2
1579,2638,2,2
1579,2639,2,2
1579,2929,2,2
1579,3345,2,2
1579,3619,2,3
1579,4051,2,2
1579,4211,2,2
1579,4244,2,2
1579,5129,2,2
1579,5672,2,2
1579,6235,2,2
1579,6688,2,2
1579,6849,2,2
1579,7079,2,2
1579,9652,2,2
1579,10211,2,2
1579,10355,2,2
1579,10755,2,2
1579,11124,2,2
1579,11909,2,2
1579,12033,2,2
1579,12522,2,2
1579,12608,2,2
1579,12896,2,2
1579,14099,2,2
1579,15670,2,3
1579,15673,2,2
1579,16242,2,2
1585,2728,2,2
1585,14589,2,2
1589,2653,2,5
1589,2741,2,3
1589,4680,2,2
1589,7300,2,2
1589,7565,2,3
1589,8997,2,3
1589,11849,2,4
1589,12898,2,5
1589,13589,2,2
1589,13615,2,7
1616,6715,2,2
1616,11431,2,2
1627,2274,2,2
1627,9688,2,2
1633,1708,2,2
1633,2151,2,2
1633,2206,2,2
1633,2592,2,2
1633,2638,2,2
1633,2639,2,4
1633,2929,2,2
1633,3345,2,2
1633,3619,2,5
1633,4051,2,3
1633,4211,2,3
1633,4244,2,2
1633,5129,2,2
1633,5672,2,2
1633,6235,2,2
1633,6688,2,2
1633,6849,2,2
1633,7079,2,2
1633,9652,2,2
1633,10211,2,2
1633,10355,2,2
1633,10755,2,3
1633,11124,2,3
1633,11909,2,3
1633,12033,2,2
1633,12522,2,2
1633,12608,2,5
1633,12896,2,4
1633,14099,2,8
1633,15670,2,10
1633,15673,2,4
1633,16242,2,2
1641,2253,2,4
1641,3754,2,2
1641,3792,2,4
1641,6207,2,2
1641,6658,2,3
1641,11095,2,2
1641,11259,2,2
1641,12068,2,2
1641,14118,2,2
1641,15686,2,3
1668,1775,2,2
1668,6576,2,2
1673,13615,2,3
1674,3619,2,3
1674,9623,2,3
1674,15245,2,2
1683,1775,2,2
1683,2124,2,2
1683,5003,2,2
1683,5405,2,2
1683,6971,2,2
1683,7171,2,2
1683,7994,2,2
1683,11640,2,2
1685,1775,2,2
1685,2031,2,3
1685,4516,2,2
1685,6106,2,2
1685,8406,2,2
1685,8618,2,2
1685,12520,2,2
1708,2151,2,2
1708,2206,2,2
1708,2592,2,2
1708,2638,2,2
1708,2639,2,2
1708,2929,2,2
1708,3345,2,2
1708,3619,2,2
1708,4051,2,2
1708,4211,2,2
1708,4244,2,2
1708,5129,2,2
1708,5672,2,2
1708,6235,2,2
1708,6688,2,2
1708,6849,2,2
1708,7079,2,2
1708,9652,2,2
1708,10211,2,2
1708,10355,2,2
1708,10755,2,2
1708,11124,2,2
1708,11909,2,2
1708,12033,2,2
1708,12522,2,2
1708,12608,2,2
1708,12896,2,2
1708,14099,2,2
1708,15670,2,2
1708,15673,2,2
1708,16242,2,2
1722,2479,2,2
1722,4725,2,2
1722,6576,2,2
1722,7994,2,2
1722,13213,2,2
1727,2451,2,2
1727,2598,2,2
1727,7371,2,2
1727,9305,2,2
1727,10757,2,2
1727,11617,2,2
1727,12225,2,2
1751,3792,2,2
1751,5008,2,2
1751,5153,2,2
1751,6686,2,2
1751,7265,2,2
1751,7622,2,2
1751,8922,2,2
1751,9238,2,2
1751,11332,2,2
1751,11900,2,2
1751,12699,2,2
1751,13298,2,3
1751,14519,2,2
1772,3619,2,3
1772,5243,2,2
1772,8227,2,2
1772,9055,2,4
1772,9670,2,2
1772,11111,2,2
1775,2031,2,2
1775,2124,2,3
1775,3936,2,3
1775,4516,2,2
1775,4865,2,3
1775,5003,2,2
1775,5405,2,2
1775,6106,2,2
1775,6576,2,2
1775,6971,2,2
1775,7171,3,3
1775,7804,2,2
1775,7994,3,3
1775,8346,2,3
1775,8406,2,2
1775,8618,2,2
1775,9716,2,2
1775,10396,2,2
1775,11640,2,2
1775,12269,2,3
1775,12510,2,2
1775,12520,2,2
1775,12726,2,2
1775,13122,2,2
1775,13213,2,2
1775,13217,2,2
1775,14224,2,2
1775,14555,2,2
1775,14976,2,2
1775,14996,2,2
1778,2117,2,2
1778,4205,2,2
1778,11206,2,2
1778,14651,2,2
1778,15460,2,2
1778,15867,2,2
1782,3619,2,2
1782,4777,2,2
1782,5085,2,2
1782,10310,2,2
1782,12872,2,2
1782,13721,2,2
1784,16259,2,2
1787,3264,2,2
1787,9238,2,2
1799,2586,2,2
1799,7910,2,2
1799,9119,2,2
1799,10383,2,3
1800,9778,2,2
1829,3488,2,2
1829,7484,2,2
1829,9887,2,2
1829,12943,2,2
1829,13615,2,4
1829,14095,2,3
1829,14227,2,2
1829,15166,2,2
1829,15638,2,2
1840,4542,2,2
1847,5643,2,2
1847,9213,2,2
1847,12837,2,3
1847,13922,2,2
1847,14317,2,2
1848,3583,2,2
1848,4427,2,2
1848,4621,2,2
1848,6092,2,2
1848,7262,2,2
1848,7994,2,2
1848,11100,2,2
1848,14594,2,2
1848,15654,2,2
1851,12898,2,2
1853,14311,2,2
1855,6703,2,2
1857,4620,2,2
1857,5034,2,2
1857,5311,2,2
1857,6142,2,2
1857,6570,2,2
1857,7565,2,2
1857,9532,2,2
1857,12325,2,2
1857,12850,2,2
1857,12950,2,3
1857,13165,2,2
1857,13266,2,2
1857,13359,2,2
1857,13615,2,4
1857,14252,2,2
1857,14809,2,2
1857,15619,2,2
1911,13217,2,3
1911,15563,2,2
1914,11286,2,2
1914,13352,2,2
1922,2754,2,3
1922,3619,2,3
1922,4558,2,2
1922,4635,2,3
1922,5243,2,2
1922,5749,2,3
1922,6059,2,2
1922,6748,2,3
1922,7377,2,2
1922,7710,2,2
1922,8227,2,2
1922,8407,2,2
1922,9368,2,2
1922,9432,2,3
1922,11490,2,4
1922,15950,2,2
1924,11461,2,2
1925,4621,2,2
1925,7525,2,2
1937,2117,2,2
1937,2334,2,2
1937,2728,2,2
1937,3518,2,2
1937,5512,2,2
1937,7565,2,2
1937,9538,2,2
1937,12950,2,2
1940,4386,2,2
1940,4777,2,2
1940,11900,2,2
1946,5025,2,2
1946,7420,2,2
1946,8918,2,2
1997,11736,2,2
2031,4516,2,2
2031,6106,2,2
2031,8406,2,2
2031,8618,2,2
2031,12520,2,2
2042,8972,2,2
2044,4306,2,2
2044,6664,2,2
2044,6916,2,2
2044,13615,2,2
2052,9012,2,3
2055,13615,2,2
2057,5256,2,3
2057,8040,2,2
2057,8555,2,2
2057,10009,2,2
2075,2530,2,2
2080,2544,2,2
2080,2592,2,3
2080,2639,2,3
2080,2691,2,2
2080,3964,2,2
2080,3996,2,3
2080,4018,2,2
2080,4502,2,2
2080,4539,2,2
2080,4812,2,4
2080,5043,2,2
2080,5897,2,3
2080,5900,2,2
2080,5952,2,3
2080,6570,2,2
2080,6688,2,3
2080,6779,2,2
2080,6886,2,2
2080,7001,2,2
2080,7026,2,3
2080,7257,2,2
2080,7324,2,2
2080,7688,2,3
2080,9036,2,2
2080,9298,2,2
2080,9432,2,2
2080,9683,2,2
2080,10268,2,2
2080,10367,2,2
2080,12522,2,3
2080,13193,2,2
2080,13435,2,2
2080,14090,2,3
2080,14557,2,2
2080,15214,2,2
2080,15789,2,4
2080,16052,2,2
2095,2413,2,2
2095,3790,2,2
2095,7994,2,2
2095,11492,2,2
2095,13213,2,2
2101,2132,2,2
2101,2201,3,4
2101,3135,2,2
2101,3235,2,4
2101,3928,2,3
2101,4138,2,3
2101,4570,2,3
2101,5153,2,3
2101,6360,2,3
2101,7486,3,3
2101,8366,2,8
2101,8480,2,2
2101,8918,3,5
2101,9089,2,2
2101,9604,2,3
2101,10918,2,4
2101,11436,2,2
2101,14535,2,2
2101,14976,2,3
2101,15460,2,5
2101,15464,2,4
2109,8337,2,2
2117,2334,2,2
2117,2728,3,3
2117,3092,2,2
2117,3518,2,5
2117,4205,3,5
2117,4379,2,2
2117,4415,2,3
2117,4451,2,6
2117,4470,2,4
2117,5235,2,5
2117,5512,2,2
2117,5576,2,2
2117,6373,2,3
2117,7264,3,4
2117,7565,2,8
2117,8514,2,5
2117,8597,2,2
2117,8603,2,3
2117,9307,2,4
2117,9383,2,3
2117,9538,2,3
2117,10260,2,6
2117,10272,2,2
2117,10810,2,2
2117,11206,3,6
2117,11336,2,3
2117,11508,2,3
2117,11797,2,4
2117,11900,4,6
2117,12746,2,2
2117,12881,2,3
2117,12950,2,5
2117,13016,2,2
2117,13053,2,8
2117,13149,2,3
2117,13615,3,10
2117,14651,3,4
2117,14874,2,3
2117,14900,2,6
2117,14976,2,2
2117,15460,2,6
2117,15867,2,6
2124,5003,2,2
2124,5405,2,2
2124,6971,2,2
2124,7171,2,3
2124,7994,2,3
2124,11640,2,3
2132,2201,2,2
2132,3235,2,2
2132,4138,2,2
2132,6360,2,2
2132,7486,2,2
2132,8366,2,2
2132,8918,2,3
2132,14535,2,2
2146,2653,2,4
2146,2821,2,2
2146,3227,2,4
2146,3431,2,2
2146,3488,2,4
2146,3978,2,3
2146,4209,2,2
2146,5377,2,2
2146,5470,2,3
2146,5861,2,2
2146,6605,2,2
2146,7371,2,3
2146,7565,2,3
2146,7873,2,2
2146,8620,2,2
2146,8772,2,3
2146,8900,2,2
2146,8945,2,2
2146,9383,2,3
2146,9469,2,3
2146,9841,2,6
2146,10398,2,3
2146,10997,2,2
2146,11121,2,2
2146,11797,2,3
2146,11885,2,2
2146,12190,2,2
2146,12487,2,3
2146,12943,2,3
2146,13615,2,5
2146,14095,2,3
2146,14102,2,2
2146,14243,2,2
2146,14296,2,2
2146,14721,2,2
2146,14976,2,3
2146,15099,2,2
2151,2206,2,2
2151,2592,2,2
2151,2638,2,2
2151,2639,2,2
2151,2929,2,2
2151,3345,2,2
2151,3619,2,2
2151,4051,2,2
2151,4211,2,2
2151,4244,2,2
2151,5129,2,2
2151,5672,2,2
2151,6235,2,2
2151,6688,2,2
2151,6849,2,2
2151,7079,2,2
2151,9652,2,2
2151,10211,2,2
2151,10355,2,2
2151,10755,2,2
2151,11124,2,2
2151,11909,2,2
2151,12033,2,2
2151,12522,2,2
2151,12608,2,2
2151,12896,2,2
2151,14099,2,2
2151,15670,2,2
2151,15673,2,2
2151,16242,2,2
2166,3754,2,2
2166,11454,2,2
2201,3235,2,3
2201,3928,2,3
2201,4138,2,4
2201,6360,2,3
2201,7486,2,2
2201,8366,2,6
2201,8480,2,2
2201,8918,3,6
2201,9089,2,2
2201,11135,2,2
2201,11436,2,2
2201,12898,3,3
2201,14535,2,2
2206,2592,2,2
2206,2638,2,2
2206,2639,2,2
2206,2929,2,2
2206,3345,2,2
2206,3619,2,2
2206,4051,2,2
2206,4211,2,2
2206,4244,2,2
2206,5129,2,2
2206,5672,2,2
2206,6235,2,2
2206,6688,2,2
2206,6849,2,2
2206,7079,2,2
2206,9652,2,2
2206,10211,2,2
2206,10355,2,2
2206,10755,2,2
2206,11124,2,2
2206,11909,2,2
2206,12033,2,2
2206,12522,2,2
2206,12608,2,2
2206,12896,2,2
2206,14099,2,2
2206,15670,2,2
2206,15673,2,2
2206,16242,2,2
2253,2344,2,8
2253,2737,2,2
2253,3754,2,3
2253,4228,2,3
2253,6578,2,3
2253,6658,3,5
2253,8050,2,3
2253,8439,2,3
2253,10364,2,4
2253,12068,2,2
2253,12884,2,3
2253,13122,2,5
2253,14118,2,4
2253,14637,2,2
2253,14900,2,5
2253,15686,2,4
2254,6570,2,2
2254,7244,2,2
2254,7989,2,2
2254,8918,2,2
2254,10958,2,3
2254,12032,2,2
2254,14976,2,2
2274,9688,2,2
2286,9737,2,2
2311,4357,2,3
2311,5123,2,2
2311,7706,2,2
2311,10382,2,2
2311,11140,2,3
2311,12963,2,2
2311,14864,2,2
2322,2486,2,2
2322,3776,2,2
2322,7276,2,2
2322,11151,2,2
2322,11221,2,2
2322,11838,2,2
2322,13764,2,2
2322,15414,2,2
2334,2728,2,2
2334,3518,2,2
2334,5512,2,2
2334,7565,2,2
2334,9538,2,2
2334,12950,2,2
2344,2737,2,2
2344,3754,2,4
2344,4205,2,5
2344,4228,3,3
2344,5262,2,2
2344,6658,2,6
2344,8050,2,2
2344,8439,2,3
2344,10364,2,4
2344,11899,2,2
2344,12884,2,3
2344,13122,2,5
2344,13219,2,3
2344,13615,2,8
2344,14900,2,8
2344,15079,2,2
2352,6114,2,2
2380,9469,2,2
2404,7276,2,3
2404,14250,2,2
2413,3790,2,2
2413,7994,2,2
2413,11492,2,2
2413,13213,2,2
2425,2770,2,2
2425,3451,2,2
2425,3507,2,2
2425,3737,2,2
2425,3909,2,2
2425,4037,2,2
2425,4306,2,2
2425,4356,2,2
2425,4891,2,2
2425,5193,2,2
2425,5256,2,2
2425,5406,2,2
2425,5519,2,2
2425,6507,2,2
2425,6781,2,2
2425,7026,2,2
2425,7134,2,2
2425,7688,2,2
2425,7762,2,2
2425,7898,2,2
2425,9268,2,2
2425,9971,2,2
2425,10269,2,2
2425,10657,2,2
2425,12032,2,2
2425,13873,2,2
2425,13978,2,2
2425,14023,2,2
2425,14287,2,2
2425,14864,2,2
2425,15414,2,2
2425,15608,2,2
2425,15789,2,2
2441,2473,2,2
2441,11471,2,2
2447,7202,2,2
2447,13615,2,3
2447,14252,2,2
2447,15743,2,3
2451,2598,2,2
2451,7371,2,2
2451,9305,2,2
2451,10757,2,2
2451,11617,2,2
2451,12225,2,2
2457,2653,2,3
2457,2654,2,2
2457,13615,2,2
2457,14723,2,3
2470,2808,2,2
2470,5759,2,2
2470,6900,2,2
2470,7078,2,2
2470,7677,2,2
2470,9608,2,2
2470,13481,2,2
2470,14976,2,2
2470,15206,2,2
2470,15819,2,2
2470,16106,2,2
2473,3458,2,2
2473,4891,2,2
2473,5349,2,2
2473,9826,2,2
2473,9867,2,2
2473,9943,2,2
2473,11471,2,2
2473,12739,2,2
2473,15608,2,2
2479,4725,2,2
2479,6576,2,2
2479,7994,2,2
2479,13213,2,2
2486,3776,2,2
2486,7276,2,2
2486,11151,2,2
2486,11221,2,2
2486,11838,2,2
2486,13764,2,2
2486,15414,2,3
2526,2733,2,4
2526,3776,2,3
2526,4575,2,2
2526,10043,2,2
2530,4053,2,3
2530,4556,2,2
2530,5174,2,3
2530,5656,2,2
2530,7532,2,3
2530,8918,3,5
2530,10314,2,2
2530,11151,2,3
2530,11155,2,6
2530,11644,2,7
2530,12025,2,2
2530,14043,2,4
2530,15460,2,7
2530,15534,2,2
2530,15773,2,4
2532,13615,2,3
2544,2592,2,2
2544,2639,2,2
2544,2691,2,2
2544,3964,2,2
2544,3996,2,2
2544,4018,2,2
2544,4502,2,2
2544,4539,2,2
2544,4812,2,3
2544,5043,2,2
2544,5897,2,2
2544,5900,2,2
2544,5952,2,2
2544,6570,2,2
2544,6688,2,2
2544,6779,2,2
2544,6886,2,2
2544,7001,2,2
2544,7026,2,2
2544,7257,2,2
2544,7324,2,2
2544,7688,2,2
2544,9036,2,2
2544,9298,2,3
2544,9432,2,3
2544,9683,2,2
2544,10268,2,2
2544,10367,2,2
2544,12522,2,2
2544,13193,2,2
2544,13435,2,2
2544,14090,2,3
2544,14557,2,2
2544,15214,2,2
2544,15789,2,2
2544,16052,2,2
2554,3601,2,4
2554,3619,2,4
2554,4873,2,2
2554,5153,2,5
2554,6652,2,3
2554,7166,2,3
2554,8483,2,2
2554,11431,2,3
2554,12923,2,2
2554,13222,2,2
2554,13373,2,2
2554,14248,2,3
2554,15356,2,3
2563,8366,2,3
2563,11900,2,4
2563,12881,2,3
2563,15460,2,4
2580,7165,2,2
2580,11186,2,2
2581,14701,2,2
2586,7910,2,2
2586,9119,2,3
2586,10383,2,2
2592,2638,2,2
2592,2639,3,3
2592,2691,2,2
2592,2929,2,2
2592,3345,2,2
2592,3619,2,2
2592,3964,2,2
2592,3996,2,2
2592,4018,2,2
2592,4051,2,2
2592,4211,2,2
2592,4244,2,2
2592,4502,2,2
2592,4539,2,2
2592,4739,2,2
2592,4812,2,3
2592,5043,2,2
2592,5129,2,2
2592,5672,2,3
2592,5897,2,3
2592,5900,2,2
2592,5952,2,3
2592,6235,2,2
2592,6570,2,2
2592,6688,3,3
2592,6779,2,2
2592,6849,2,2
2592,6886,2,2
2592,7001,2,2
2592,7026,2,2
2592,7079,2,2
2592,7257,2,2
2592,7324,2,2
2592,7688,2,2
2592,9036,2,2
2592,9298,2,2
2592,9432,2,2
2592,9652,2,2
2592,9683,2,2
2592,9976,2,3
2592,10211,2,2
2592,10268,2,2
2592,10355,2,2
2592,10367,2,2
2592,10456,2,3
2592,10755,2,2
2592,11124,2,2
2592,11909,2,2
2592,12033,2,2
2592,12522,3,3
2592,12608,2,2
2592,12896,2,2
2592,13193,2,2
2592,13435,2,2
2592,14090,2,2
2592,14099,2,2
2592,14557,2,2
2592,15214,2,2
2592,15670,2,2
2592,15673,2,2
2592,15789,2,2
2592,16052,2,2
2592,16242,2,2
2598,4777,2,6
2598,7371,2,2
2598,9305,2,2
2598,10757,2,3
2598,11617,2,2
2598,11900,2,5
2598,12225,2,2
2611,3790,2,2
2635,6114,2,2
2635,15618,2,2
2638,2639,2,2
2638,2929,2,2
2638,3345,2,2
2638,3619,2,2
2638,4051,2,2
2638,4211,2,2
2638,4244,2,2
2638,5129,2,2
2638,5672,2,2
2638,6235,2,2
2638,6688,2,2
2638,6849,2,2
2638,7079,2,2
2638,9652,2,2
2638,10211,2,2
2638,10355,2,2
2638,10755,2,2
2638,11124,2,2
2638,11909,2,2
2638,12033,2,2
2638,12522,2,2
2638,12608,2,2
2638,12896,2,2
2638,14099,2,2
2638,15670,2,2
2638,15673,2,2
2638,16242,2,2
2639,2691,2,2
2639,2929,2,3
2639,3345,2,2
2639,3619,2,3
2639,3964,2,2
2639,3996,2,2
2639,4018,2,2
2639,4051,2,3
2639,4211,2,2
2639,4244,2,3
2639,4502,2,2
2639,4539,2,2
2639,4739,2,2
2639,4812,2,4
2639,5043,2,2
2639,5129,2,2
2639,5672,2,3
2639,5897,2,3
2639,5900,2,2
2639,5952,2,3
2639,6235,2,2
2639,6570,2,4
2639,6688,3,3
2639,6779,2,2
2639,6849,2,2
2639,6886,2,2
2639,7001,2,2
2639,7026,2,2
2639,7079,2,2
2639,7257,2,2
2639,7324,2,2
2639,7688,2,2
2639,9036,2,2
2639,9298,2,2
2639,9432,2,2
2639,9652,2,2
2639,9683,2,2
2639,9976,2,3
2639,10211,2,2
2639,10268,2,2
2639,10355,2,2
2639,10367,2,2
2639,10456,2,3
2639,10755,2,2
2639,11124,2,3
2639,11909,2,2
2639,12033,2,2
2639,12522,3,3
2639,12608,2,3
2639,12896,2,3
2639,13193,2,2
2639,13435,2,2
2639,14090,2,2
2639,14099,2,4
2639,14557,2,2
2639,15214,2,3
2639,15670,2,5
2639,15673,2,4
2639,15789,2,2
2639,16052,2,2
2639,16242,2,2
2653,2821,2,4
2653,3227,2,4
2653,3431,2,2
2653,3488,2,6
2653,3978,2,3
2653,4209,2,2
2653,5377,2,3
2653,5470,2,4
2653,5861,2,2
2653,7565,3,6
2653,7873,2,2
2653,8772,2,4
2653,8945,2,2
2653,8990,2,4
2653,10398,2,4
2653,10997,2,2
2653,11797,2,3
2653,12487,2,4
2653,12943,2,4
2653,13589,2,2
2653,13615,3,9
2653,14095,2,3
2653,14102,2,5
2653,14296,2,3
2653,14721,2,3
2653,15992,2,3
2654,13615,2,6
2691,3964,2,2
2691,3996,2,3
2691,4018,2,3
2691,4502,2,3
2691,4539,2,2
2691,4812,2,2
2691,5043,2,2
2691,5897,2,2
2691,5900,2,2
2691,5952,2,2
2691,6570,2,2
2691,6688,2,2
2691,6779,2,2
2691,6886,2,2
2691,7001,2,2
2691,7026,2,2
2691,7257,2,2
2691,7324,2,2
2691,7688,2,2
2691,9036,2,2
2691,9298,2,2
2691,9432,2,2
2691,9683,2,2
2691,10268,2,2
2691,10367,2,2
2691,12522,2,2
2691,13193,2,2
2691,13435,2,2
2691,14090,2,2
2691,14557,2,2
2691,15214,2,2
2691,15789,2,3
2691,16052,2,2
2728,3518,2,3
2728,4205,2,3
2728,4415,2,2
2728,4470,2,2
2728,5512,2,2
2728,6885,2,2
2728,7565,2,3
2728,8597,2,2
2728,8619,2,2
2728,9134,2,3
2728,9538,2,3
2728,10260,2,2
2728,10272,2,2
2728,11206,2,3
2728,11864,2,2
2728,12950,2,2
2728,13053,2,3
2728,14589,2,2
2728,14681,2,2
2728,14976,2,2
2728,16235,2,2
2733,3776,2,2
2733,4575,2,2
2733,10043,2,2
2736,10468,2,2
2737,4228,2,2
2737,6658,2,3
2737,8050,2,2
2737,8439,2,2
2737,10364,2,2
2737,12884,2,2
2737,13122,2,2
2737,14900,2,2
2741,12898,2,6
2754,3619,2,2
2754,4558,2,2
2754,4635,2,2
2754,5243,2,2
2754,5749,2,2
2754,6059,2,2
2754,6748,2,3
2754,7377,2,2
2754,7710,2,2
2754,8227,2,2
2754,8407,2,2
2754,9368,2,2
2754,9432,2,3
2754,11490,2,2
2754,15950,2,2
2756,11740,2,2
2756,12498,2,2
2756,13337,2,2
2770,3451,2,2
2770,3507,2,2
2770,3737,2,2
2770,3909,2,2
2770,4037,2,2
2770,4306,2,2
2770,4356,2,2
2770,4891,2,2
2770,5193,2,2
2770,5256,2,2
2770,5406,2,2
2770,5519,2,2
2770,6507,2,2
2770,6781,2,2
2770,7026,2,2
2770,7134,2,2
2770,7688,2,2
2770,7762,2,2
2770,7898,2,2
2770,9268,2,2
2770,9971,2,2
2770,10269,2,2
2770,10657,2,2
2770,12032,2,2
2770,13873,2,2
2770,13978,2,2
2770,14023,2,2
2770,14287,2,2
2770,14864,2,2
2770,15414,2,2
2770,15608,2,2
2770,15789,2,2
2776,10636,2,2
2776,13217,2,2
2808,5759,2,2
2808,6900,2,2
2808,7078,2,2
2808,7677,2,2
2808,9608,2,2
2808,13481,2,2
2808,14976,2,2
2808,15206,2,2
2808,15819,2,2
2808,16106,2,2
2821,3227,2,2
2821,3431,2,2
2821,3488,2,3
2821,3978,2,2
2821,4209,2,2
2821,5377,2,2
2821,5470,2,2
2821,5861,2,2
2821,7565,2,3
2821,7873,2,2
2821,8772,2,2
2821,8945,2,2
2821,10398,2,2
2821,10997,2,2
2821,11797,2,2
2821,12487,2,2
2821,12943,2,2
2821,13615,2,3
2821,14095,2,2
2821,14102,2,2
2821,14296,2,2
2821,14721,2,2
2828,13481,2,4
2902,3563,2,2
2902,9203,2,3
2922,4258,2,2
2922,4777,2,2
2922,10679,2,2
2924,13217,2,2
2929,3345,2,2
2929,3619,2,3
2929,4051,2,2
2929,4211,2,2
2929,4244,2,3
2929,5129,2,2
2929,5672,2,2
2929,6235,2,2
2929,6688,2,2
2929,6849,2,2
2929,7079,2,2
2929,9652,2,2
2929,10211,2,2
2929,10355,2,2
2929,10755,2,2
2929,11124,2,2
2929,11909,2,2
2929,12033,2,2
2929,12522,2,2
2929,12608,2,2
2929,12896,2,3
2929,14099,2,2
2929,15670,2,3
2929,15673,2,2
2929,16242,2,2
2946,6128,2,2
2946,7993,2,3
2946,8587,2,2
2946,8990,2,2
2946,9621,2,2
2946,16260,2,2
3029,13213,2,2
3036,4560,2,3
3036,6235,2,3
3036,6351,2,3
3036,6919,2,3
3036,7494,2,2
3036,7864,2,4
3036,9016,2,2
3036,11222,2,2
3051,7519,2,2
3092,4205,2,3
3092,4379,2,2
3092,5576,2,3
3092,7264,2,3
3092,11900,2,2
3092,12881,2,2
3092,14874,2,2
3135,5153,2,2
3135,7486,2,2
3135,15464,2,2
3138,3988,2,2
3138,5956,2,2
3138,15630,2,2
3197,4296,2,3
3197,7945,2,2
3197,12898,2,3
3197,13298,2,2
3207,4306,2,3
3207,4930,2,2
3207,6184,2,2
3207,9859,2,2
3207,10314,2,2
3207,14150,2,2
3207,15848,2,2
3207,16097,2,3
3207,16206,2,4
3222,6641,2,3
3222,8918,2,4
3222,15460,2,3
3227,3431,2,2
3227,3488,2,4
3227,3978,2,3
3227,4209,2,2
3227,5377,2,2
3227,5470,2,3
3227,5861,2,2
3227,7565,2,3
3227,7873,2,2
3227,8772,2,3
3227,8945,2,2
3227,10398,2,3
3227,10997,2,2
3227,11797,2,3
3227,12487,2,4
3227,12943,2,3
3227,13615,2,4
3227,14095,2,2
3227,14102,2,2
3227,14296,2,2
3227,14721,2,2
3235,4138,2,3
3235,6360,2,2
3235,7486,2,3
3235,8366,2,5
3235,8918,2,4
3235,14535,2,2
3264,3291,2,3
3264,8916,2,2
3264,9238,2,3
3264,9737,2,2
3264,13312,2,2
3291,3802,2,2
3291,4879,2,2
3291,4891,2,4
3291,5155,2,2
3291,7487,2,2
3291,8017,2,2
3291,8068,2,2
3291,8469,2,4
3291,8501,2,3
3291,8703,2,3
3291,8916,2,2
3291,9251,2,2
3291,9621,2,3
3291,9737,3,5
3291,9875,2,2
3291,11343,2,2
3291,12869,2,2
3291,15608,2,3
3345,3619,2,2
3345,4051,2,2
3345,4211,2,2
3345,4244,2,2
3345,5129,2,2
3345,5672,2,2
3345,6235,2,2
3345,6688,2,2
3345,6849,2,2
3345,7079,2,2
3345,9652,2,2
3345,10211,2,2
3345,10355,2,2
3345,10755,2,2
3345,11124,2,2
3345,11909,2,2
3345,12033,2,2
3345,12522,2,2
3345,12608,2,2
3345,12896,2,2
3345,14099,2,2
3345,15670,2,2
3345,15673,2,2
3345,16242,2,2
3388,12949,2,2
3392,13016,2,2
3420,3539,2,2
3420,8918,2,2
3420,11900,2,2
3420,13690,2,2
3420,15568,2,2
3430,6020,2,2
3430,10138,2,2
3430,11644,2,2
3430,12200,2,2
3431,3488,2,2
3431,3978,2,2
3431,4209,2,2
3431,5377,2,2
3431,5470,2,2
3431,5861,2,2
3431,7565,2,2
3431,7873,2,2
3431,8772,2,2
3431,8945,2,2
3431,10398,2,2
3431,10997,2,2
3431,11797,2,2
3431,12487,2,2
3431,12943,2,2
3431,13615,2,2
3431,14095,2,2
3431,14102,2,2
3431,14296,2,2
3431,14721,2,2
3451,3507,2,2
3451,3737,2,2
3451,3909,2,2
3451,4037,2,2
3451,4306,2,2
3451,4356,2,2
3451,4891,2,3
3451,5193,2,2
3451,5256,2,2
3451,5406,2,2
3451,5519,2,2
3451,6507,2,2
3451,6781,2,2
3451,7026,2,2
3451,7134,2,3
3451,7688,2,2
3451,7762,2,2
3451,7898,2,2
3451,9268,2,2
3451,9971,2,2
3451,10269,2,2
3451,10657,2,2
3451,12032,2,3
3451,13873,2,2
3451,13978,2,2
3451,14023,2,2
3451,14287,2,2
3451,14864,2,3
3451,15414,2,3
3451,15608,2,3
3451,15789,2,2
3457,9226,2,2
3458,9826,2,2
3458,9867,2,2
3458,12739,2,2
3475,6114,2,2
3475,7458,2,2
3475,14976,2,3
3488,3978,2,3
3488,4209,2,2
3488,5377,2,2
3488,5470,2,3
3488,5861,2,2
3488,7484,2,2
3488,7565,2,7
3488,7873,2,2
3488,8772,2,4
3488,8945,2,2
3488,9887,2,2
3488,10398,2,3
3488,10997,2,2
3488,11797,2,3
3488,12487,2,3
3488,12943,3,4
3488,13615,3,7
3488,14095,3,4
3488,14102,2,4
3488,14227,2,3
3488,14296,2,2
3488,14721,2,3
3488,15166,2,4
3488,15638,2,3
3489,4813,2,2
3489,4930,2,2
3489,5147,2,2
3489,5621,2,2
3489,6092,2,2
3489,6621,2,2
3489,6861,2,2
3489,6887,2,4
3489,6940,2,2
3489,6971,2,2
3489,7276,2,2
3489,7323,2,2
3489,8203,2,2
3489,9521,2,2
3489,9568,2,2
3489,10601,2,2
3489,10750,2,2
3489,10809,2,3
3489,10990,2,2
3489,11127,2,2
3489,11184,2,2
3489,12108,2,5
3489,13800,2,2
3489,14360,2,2
3489,14533,2,2
3489,14807,2,2
3489,14864,2,2
3489,15126,2,2
3489,15208,2,2
3507,3737,2,2
3507,3909,2,2
3507,4037,2,2
3507,4306,2,2
3507,4356,2,2
3507,4891,2,2
3507,5193,2,2
3507,5256,2,2
3507,5406,2,2
3507,5519,2,2
3507,6507,2,3
3507,6781,2,2
3507,7026,2,3
3507,7134,2,2
3507,7688,2,2
3507,7762,2,2
3507,7898,2,2
3507,9268,2,2
3507,9971,2,2
3507,10269,2,2
3507,10657,2,2
3507,12032,2,3
3507,13873,2,2
3507,13978,2,2
3507,14023,2,2
3507,14287,2,2
3507,14864,2,2
3507,15414,2,2
3507,15608,2,2
3507,15789,2,2
3518,5512,2,2
3518,7565,2,4
3518,9538,2,3
3518,12950,2,6
3532,14161,2,3
3532,14976,2,3
3535,8918,2,7
3535,11644,2,7
3539,8918,2,2
3539,11900,2,2
3539,13690,2,2
3539,15568,2,2
3551,9203,2,2
3551,12131,2,3
3551,13553,2,2
3551,13615,2,3
3563,5206,2,2
3563,6682,2,3
3563,9203,2,2
3563,14900,2,3
3569,3672,2,2
3569,6658,2,2
3569,13615,2,5
3583,4427,2,2
3583,4621,2,2
3583,6092,2,2
3583,7262,2,2
3583,7994,2,3
3583,11100,2,2
3583,14594,2,2
3583,15654,2,2
3587,8888,2,3
3587,9583,2,2
3587,13615,2,3
3600,8612,2,4
3600,9623,2,5
3600,15309,2,2
3601,3619,2,2
3601,4873,2,2
3601,5153,2,2
3601,6652,2,2
3601,7166,2,2
3601,8483,2,2
3601,11431,2,2
3601,12923,2,2
3601,13222,2,2
3601,13373,2,2
3601,14248,2,2
3601,15356,2,2
3619,3792,2,4
3619,4051,2,2
3619,4211,2,2
3619,4244,2,3
3619,4283,2,3
3619,4515,2,2
3619,4558,2,2
3619,4635,2,5
3619,4777,2,3
3619,4821,2,2
3619,4873,2,2
3619,5085,2,2
3619,5129,2,2
3619,5153,2,5
3619,5243,3,3
3619,5444,2,2
3619,5633,2,2
3619,5672,2,2
3619,5749,2,3
3619,5843,2,3
3619,6059,2,2
3619,6235,2,2
3619,6467,2,2
3619,6556,2,2
3619,6570,2,2
3619,6652,2,2
3619,6688,2,2
3619,6748,2,2
3619,6849,2,2
3619,6866,2,2
3619,6960,2,2
3619,7079,2,2
3619,7166,2,4
3619,7264,2,2
3619,7377,2,2
3619,7492,2,2
3619,7710,2,3
3619,7759,2,3
3619,7767,2,4
3619,7864,2,2
3619,8150,2,2
3619,8227,3,3
3619,8323,2,3
3619,8407,2,2
3619,8483,2,2
3619,8616,2,2
3619,9055,2,3
3619,9368,2,2
3619,9432,2,2
3619,9652,2,2
3619,9670,2,2
3619,10211,2,2
3619,10310,2,2
3619,10355,2,2
3619,10755,2,2
3619,11111,2,2
3619,11124,3,3
3619,11431,2,2
3619,11490,2,5
3619,11697,2,3
3619,11900,2,4
3619,11909,2,3
3619,12033,2,2
3619,12231,3,4
3619,12334,2,4
3619,12522,2,2
3619,12608,2,2
3619,12872,2,2
3619,12896,2,5
3619,12923,2,2
3619,13222,2,2
3619,13373,2,2
3619,13721,2,6
3619,14099,2,2
3619,14248,2,2
3619,14291,2,4
3619,14976,2,5
3619,15016,2,2
3619,15245,2,3
3619,15356,2,2
3619,15670,2,6
3619,15673,2,2
3619,15950,2,2
3619,16184,2,2
3619,16242,2,2
3630,8385,2,2
3630,10392,2,3
3630,11547,2,2
3630,12425,2,3
3636,3804,2,2
3636,4055,2,2
3636,4177,2,2
3636,7457,2,2
3636,10260,2,2
3636,13262,2,2
3672,4451,2,2
3672,4777,2,2
3672,6658,2,3
3672,10604,2,3
3672,13026,2,2
3672,13615,3,5
3710,14036,2,2
3737,3909,2,2
3737,4037,2,2
3737,4306,2,3
3737,4356,2,2
3737,4891,2,2
3737,5193,2,2
3737,5256,2,3
3737,5406,2,2
3737,5519,2,2
3737,6507,2,2
3737,6781,2,2
3737,7026,2,2
3737,7134,2,2
3737,7688,2,2
3737,7762,2,2
3737,7898,2,2
3737,9268,2,2
3737,9971,2,2
3737,10269,2,2
3737,10657,2,2
3737,12032,2,2
3737,13873,2,2
3737,13978,2,2
3737,14023,2,2
3737,14287,2,2
3737,14864,2,2
3737,15414,2,2
3737,15608,2,2
3737,15789,2,2
3745,6289,2,3
3745,11608,2,2
3745,11644,2,4
3754,4205,2,3
3754,4228,2,2
3754,5262,2,2
3754,6658,2,3
3754,11454,2,2
3754,12068,2,2
3754,14118,2,3
3754,15686,2,2
3755,5204,2,2
3755,9265,2,4
3755,10729,2,2
3755,11900,2,7
3755,12881,2,3
3776,4575,2,2
3776,7276,2,2
3776,10043,2,2
3776,11151,2,2
3776,11221,2,2
3776,11838,2,2
3776,13764,2,3
3776,15414,2,3
3790,7994,2,3
3790,8199,2,2
3790,11492,2,3
3790,13213,2,3
3792,4515,2,2
3792,4777,2,3
3792,5008,2,2
3792,5153,2,3
3792,5243,2,2
3792,5444,2,2
3792,5633,2,2
3792,6467,2,2
3792,6556,2,2
3792,6570,2,2
3792,6686,2,2
3792,6866,2,2
3792,6919,2,3
3792,6960,2,2
3792,7265,2,2
3792,7492,2,2
3792,7622,2,2
3792,7759,2,3
3792,7864,2,2
3792,8227,2,2
3792,8294,2,2
3792,8439,2,4
3792,8616,2,2
3792,8922,2,2
3792,9238,2,2
3792,11124,2,3
3792,11332,2,2
3792,11900,2,2
3792,12334,2,3
3792,12699,2,2
3792,13298,2,3
3792,13566,2,2
3792,14291,2,2
3792,14519,2,3
3792,15016,2,2
3792,15460,2,3
3792,16184,2,2
3802,5155,2,2
3802,7487,2,2
3802,8068,2,2
3802,8469,2,2
3802,8703,2,2
3802,9621,2,2
3802,9875,2,2
3802,11343,2,2
3802,12869,2,2
3804,4055,2,2
3804,4177,2,2
3804,7457,2,3
3804,10260,2,2
3804,13262,2,2
3834,10035,2,2
3834,14976,2,2
3869,8366,2,3
3909,4037,2,2
3909,4306,2,3
3909,4356,2,2
3909,4891,2,2
3909,5193,2,2
3909,5256,2,3
3909,5406,2,2
3909,5519,2,2
3909,6507,2,3
3909,6781,2,2
3909,7026,2,2
3909,7134,2,2
3909,7688,2,2
3909,7762,2,2
3909,7898,2,2
3909,9268,2,2
3909,9971,2,2
3909,10269,2,2
3909,10657,2,3
3909,12032,2,2
3909,13873,2,2
3909,13978,2,3
3909,14023,2,2
3909,14287,2,2
3909,14864,2,2
3909,15414,2,2
3909,15608,2,2
3909,15789,2,2
3925,4930,2,2
3925,9051,2,2
3925,9481,2,2
3925,11210,2,2
3925,12823,2,2
3928,8480,2,2
3928,9089,2,2
3928,11436,2,2
3955,5384,2,2
3955,13981,2,2
3964,3996,2,2
3964,4018,2,2
3964,4502,2,2
3964,4539,2,2
3964,4812,2,3
3964,5043,2,2
3964,5897,2,2
3964,5900,2,2
3964,5952,2,2
3964,6570,2,3
3964,6688,2,2
3964,6779,2,2
3964,6886,2,2
3964,7001,2,2
3964,7026,2,2
3964,7257,2,2
3964,7324,2,2
3964,7688,2,2
3964,9036,2,2
3964,9298,2,2
3964,9432,2,2
3964,9683,2,2
3964,10268,2,2
3964,10367,2,2
3964,12522,2,2
3964,13193,2,2
3964,13435,2,2
3964,14090,2,2
3964,14557,2,2
3964,15214,2,2
3964,15789,2,2
3964,16052,2,2
3978,4209,2,2
3978,5377,2,2
3978,5470,2,2
3978,5861,2,2
3978,7565,2,3
3978,7873,2,2
3978,8772,2,2
3978,8945,2,2
3978,10398,2,2
3978,10997,2,2
3978,11797,2,3
3978,12487,2,3
3978,12943,2,3
3978,13615,2,3
3978,14095,2,2
3978,14102,2,2
3978,14296,2,2
3978,14721,2,2
3988,5956,2,2
3988,13213,2,2
3988,14252,2,2
3988,15630,2,2
3996,4018,2,3
3996,4502,2,2
3996,4539,2,2
3996,4812,2,2
3996,5043,2,2
3996,5897,2,2
3996,5900,2,2
3996,5952,2,2
3996,6570,2,2
3996,6688,2,2
3996,6779,2,2
3996,6886,2,2
3996,7001,2,2
3996,7026,2,3
3996,7257,2,2
3996,7324,2,2
3996,7688,2,3
3996,9036,2,2
3996,9298,2,2
3996,9432,2,2
3996,9683,2,2
3996,10268,2,2
3996,10367,2,2
3996,12522,2,2
3996,13193,2,2
3996,13435,2,2
3996,14090,2,3
3996,14557,2,2
3996,15214,2,2
3996,15789,2,3
3996,16052,2,2
4018,4502,2,2
4018,4539,2,2
4018,4812,2,2
4018,5043,2,2
4018,5897,2,2
4018,5900,2,2
4018,5952,2,2
4018,6570,2,2
4018,6688,2,2
4018,6779,2,2
4018,6886,2,2
4018,7001,2,2
4018,7026,2,2
4018,7257,2,2
4018,7324,2,2
4018,7688,2,2
4018,9036,2,2
4018,9298,2,2
4018,9432,2,2
4018,9683,2,2
4018,10268,2,2
4018,10367,2,2
4018,12522,2,2
4018,13193,2,2
4018,13435,2,2
4018,14090,2,2
4018,14557,2,2
4018,15214,2,2
4018,15789,2,2
4018,16052,2,2
4033,6122,2,2
4033,14874,2,3
4037,4306,2,2
4037,4356,2,2
4037,4891,2,2
4037,5193,2,3
4037,5256,2,3
4037,5406,2,2
4037,5519,2,4
4037,6507,2,3
4037,6781,2,3
4037,7026,2,2
4037,7134,2,3
4037,7688,2,3
4037,7762,2,2
4037,7898,2,2
4037,8794,2,2
4037,9268,2,2
4037,9737,2,2
4037,9971,2,2
4037,10269,2,2
4037,10657,2,2
4037,12032,2,2
4037,13873,2,3
4037,13978,2,2
4037,14023,2,2
4037,14287,2,2
4037,14864,3,4
4037,15414,2,4
4037,15608,2,2
4037,15789,2,2
4051,4211,2,2
4051,4244,2,2
4051,5129,2,2
4051,5672,2,2
4051,6235,2,2
4051,6688,2,2
4051,6849,2,2
4051,7079,2,2
4051,9652,2,2
4051,10211,2,2
4051,10355,2,2
4051,10755,2,2
4051,11124,2,2
4051,11909,2,2
4051,12033,2,2
4051,12522,2,2
4051,12608,2,2
4051,12896,2,2
4051,14099,2,4
4051,15670,2,4
4051,15673,2,3
4051,16242,2,2
4053,8918,3,4
4053,10918,2,3
4053,11155,2,3
4053,12826,2,2
4053,13220,2,3
4053,13868,3,3
4053,13981,2,3
4053,14976,2,2
4053,15460,2,2
4053,15773,3,3
4055,4177,2,2
4055,7457,2,2
4055,10260,2,2
4055,13262,2,2
4125,4724,2,2
4125,6746,2,2
4125,7324,2,2
4125,7904,2,2
4125,8437,2,2
4125,10848,2,2
4125,11662,2,2
4125,15016,2,2
4128,13615,2,3
4138,6360,2,3
4138,7486,2,2
4138,8366,2,6
4138,8918,2,3
4138,14535,2,2
4156,10199,2,2
4156,14976,2,2
4177,7457,2,3
4177,10260,2,3
4177,13262,2,2
4205,4228,2,3
4205,4379,2,3
4205,4415,2,3
4205,4470,2,4
4205,5262,2,2
4205,5576,2,3
4205,7165,2,2
4205,7264,2,2
4205,8597,2,2
4205,10272,2,2
4205,10364,2,4
4205,11206,2,7
4205,11900,2,4
4205,12881,2,2
4205,13053,2,6
4205,14651,2,4
4205,14874,2,4
4205,14900,2,7
4205,15460,3,7
4205,15867,2,6
4209,5377,2,2
4209,5470,2,2
4209,5861,2,2
4209,7565,2,2
4209,7873,2,2
4209,8772,2,2
4209,8945,2,2
4209,10398,2,2
4209,10997,2,2
4209,11797,2,2
4209,12487,2,2
4209,12943,2,2
4209,13615,2,2
4209,14095,2,2
4209,14102,2,2
4209,14296,2,2
4209,14721,2,2
4211,4244,2,2
4211,5129,2,2
4211,5672,2,2
4211,6235,2,2
4211,6688,2,2
4211,6849,2,2
4211,7079,2,2
4211,9652,2,2
4211,10211,2,2
4211,10355,2,2
4211,10755,2,2
4211,11124,2,2
4211,11909,2,2
4211,12033,2,2
4211,12522,2,2
4211,12608,2,3
4211,12896,2,3
4211,14099,2,3
4211,15670,2,3
4211,15673,2,2
4211,16242,2,2
4228,5262,2,2
4228,6658,2,2
4228,8050,2,2
4228,8439,2,2
4228,10364,2,3
4228,11899,2,2
4228,12884,2,3
4228,13122,2,2
4228,13219,2,2
4228,14900,2,3
4244,5129,2,2
4244,5672,2,2
4244,6235,2,2
4244,6688,2,2
4244,6849,2,2
4244,7079,2,2
4244,9652,2,2
4244,10211,2,2
4244,10355,2,2
4244,10755,2,2
4244,11124,2,2
4244,11909,2,2
4244,12033,2,2
4244,12522,2,2
4244,12608,2,2
4244,12896,2,2
4244,14099,2,2
4244,15670,2,2
4244,15673,2,2
4244,16242,2,2
4258,4777,2,2
4258,10679,2,2
4276,6102,2,2
4276,14976,2,3
4283,5843,2,2
4283,12231,2,3
4296,13298,2,2
4304,8039,2,2
4304,9469,2,2
4306,4356,2,2
4306,4891,2,2
4306,4930,2,2
4306,5193,2,2
4306,5256,2,3
4306,5406,2,2
4306,5519,2,2
4306,6184,2,3
4306,6507,2,3
4306,6664,2,5
4306,6781,2,2
4306,6916,2,2
4306,7026,2,2
4306,7134,2,2
4306,7688,2,2
4306,7762,2,2
4306,7898,2,2
4306,9268,2,2
4306,9859,2,3
4306,9971,2,2
4306,10269,2,2
4306,10314,2,2
4306,10657,2,3
4306,12032,2,2
4306,13615,2,3
4306,13873,2,2
4306,13978,2,3
4306,14023,2,2
4306,14150,2,2
4306,14287,2,2
4306,14864,2,2
4306,15414,2,2
4306,15608,2,2
4306,15789,2,2
4306,15848,2,2
4306,16097,2,3
4306,16206,2,3
4308,10291,2,2
4308,11121,2,2
4308,14681,2,2
4308,14976,2,2
4311,7420,2,2
4342,11899,2,3
4349,5643,2,2
4349,6275,2,2
4349,7017,2,3
4349,10312,2,2
4349,13635,2,2
4349,14501,2,2
4349,15499,2,2
4356,4891,2,2
4356,5193,2,2
4356,5256,2,2
4356,5406,2,2
4356,5519,2,2
4356,6507,2,2
4356,6781,2,2
4356,7026,2,2
4356,7134,2,2
4356,7688,2,2
4356,7762,2,2
4356,7898,2,2
4356,9268,2,2
4356,9971,2,2
4356,10269,2,2
4356,10657,2,2
4356,12032,2,2
4356,13873,2,2
4356,13978,2,2
4356,14023,2,2
4356,14287,2,2
4356,14864,2,2
4356,15414,2,2
4356,15608,2,2
4356,15789,2,2
4357,5123,2,2
4357,7706,2,2
4357,10382,2,2
4357,11140,2,3
4357,12963,2,2
4357,14864,2,3
4358,11900,2,3
4379,5576,2,2
4379,7264,2,2
4379,11900,2,4
4379,12881,2,2
4379,14874,2,4
4386,4777,2,2
4386,11900,2,2
4415,4470,2,2
4415,8597,2,2
4415,10272,2,2
4415,13053,2,4
4427,4621,2,2
4427,6092,2,3
4427,7262,2,2
4427,7994,2,3
4427,11100,2,2
4427,14594,2,2
4427,15654,2,2
4451,6373,2,3
4451,10810,2,2
4451,13026,2,3
4451,13149,2,3
4451,13615,2,5
4451,14900,2,5
4451,16012,2,4
4468,9432,2,2
4468,11092,2,2
4468,12806,2,2
4470,8597,2,2
4470,10272,2,2
4470,13053,3,4
4470,16229,2,2
4494,7368,2,2
4494,8778,2,3
4494,9750,2,2
4494,10414,2,2
4494,11654,2,2
4494,16145,2,2
4495,5155,2,2
4495,5784,2,2
4495,5828,2,2
4495,5917,2,2
4495,7397,2,2
4495,10299,2,3
4495,10651,2,2
4495,10842,2,2
4502,4539,2,2
4502,4812,2,3
4502,5043,2,2
4502,5897,2,2
4502,5900,2,2
4502,5952,2,2
4502,6570,2,2
4502,6688,2,2
4502,6779,2,2
4502,6886,2,2
4502,7001,2,2
4502,7026,2,2
4502,7257,2,2
4502,7324,2,2
4502,7688,2,2
4502,9036,2,2
4502,9298,2,2
4502,9432,2,3
4502,9683,2,2
4502,10268,2,2
4502,10367,2,2
4502,12522,2,2
4502,13193,2,2
4502,13435,2,2
4502,14090,2,2
4502,14557,2,2
4502,15214,2,2
4502,15789,2,4
4502,16052,2,2
4515,5243,2,2
4515,5444,2,2
4515,5633,2,2
4515,6467,2,2
4515,6556,2,2
4515,6570,2,2
4515,6866,2,2
4515,6960,2,2
4515,7492,2,2
4515,7759,2,2
4515,7864,2,2
4515,8227,2,2
4515,8616,2,2
4515,11124,2,2
4515,12334,2,2
4515,14291,2,2
4515,15016,2,2
4515,16184,2,2
4516,6106,2,2
4516,8406,2,3
4516,8618,2,2
4516,12520,2,2
4539,4812,2,2
4539,5043,2,2
4539,5897,2,2
4539,5900,2,2
4539,5952,2,2
4539,6570,2,2
4539,6688,2,2
4539,6779,2,2
4539,6886,2,2
4539,7001,2,2
4539,7026,2,2
4539,7257,2,2
4539,7324,2,2
4539,7688,2,2
4539,9036,2,2
4539,9298,2,2
4539,9432,2,2
4539,9683,2,2
4539,10268,2,2
4539,10367,2,2
4539,12522,2,2
4539,13193,2,2
4539,13435,2,2
4539,14090,2,2
4539,14557,2,2
4539,15214,2,2
4539,15789,2,2
4539,16052,2,2
4544,5228,2,2
4544,5318,2,2
4544,6258,2,2
4544,12223,2,2
4544,13232,2,2
4544,14480,2,2
4544,14976,2,2
4556,5174,2,2
4556,5656,2,2
4556,7532,2,2
4556,10314,2,2
4556,11151,2,2
4556,12025,2,2
4556,14043,2,2
4556,15534,2,2
4558,4635,2,2
4558,5243,2,3
4558,5749,2,2
4558,6059,2,2
4558,6748,2,2
4558,7377,2,2
4558,7710,2,2
4558,8227,2,2
4558,8407,2,2
4558,9368,2,2
4558,9432,2,2
4558,11490,2,2
4558,15950,2,2
4560,6235,2,2
4560,6351,2,3
4560,6919,2,3
4560,7494,2,2
4560,7864,2,2
4560,9016,2,2
4560,11222,2,2
4570,15460,2,2
4575,10043,2,2
4620,5034,2,2
4620,5311,2,2
4620,7565,2,2
4620,9532,2,2
4620,12325,2,2
4620,12950,2,2
4620,13165,2,2
4620,14252,2,2
4620,15619,2,2
4621,6092,2,3
4621,7262,2,2
4621,7525,2,2
4621,7994,2,2
4621,11100,2,2
4621,14594,2,2
4621,15654,2,2
4635,5243,2,2
4635,5749,2,5
4635,6059,2,3
4635,6748,2,2
4635,7377,2,2
4635,7710,2,2
4635,8227,2,2
4635,8407,2,2
4635,8437,2,4
4635,9368,2,2
4635,9432,2,4
4635,11490,2,3
4635,12665,2,3
4635,15950,2,2
4672,10284,2,2
4680,7300,2,4
4680,8997,2,2
4680,11849,2,2
4717,7880,2,2
4717,13213,2,2
4717,14555,2,2
4724,6746,2,2
4724,7324,2,2
4724,7904,2,2
4724,8437,2,2
4724,10848,2,2
4724,11662,2,2
4724,15016,2,2
4725,6576,2,2
4725,7994,2,2
4725,13213,2,2
4737,14976,2,2
4739,6688,2,2
4739,9976,2,2
4739,10456,2,2
4739,12522,2,2
4774,11206,2,4
4777,5085,2,2
4777,5635,2,2
4777,6622,2,2
4777,9012,2,2
4777,10310,2,2
4777,10679,2,2
4777,11900,3,7
4777,12872,2,3
4777,12898,2,5
4777,13615,2,12
4777,13696,2,3
4777,13721,2,7
4777,14637,2,3
4777,15378,2,8
4777,15666,2,2
4812,5043,2,3
4812,5897,2,3
4812,5900,2,2
4812,5952,2,3
4812,6570,2,3
4812,6688,2,3
4812,6779,2,2
4812,6886,2,2
4812,7001,2,2
4812,7026,2,2
4812,7257,2,2
4812,7324,2,2
4812,7688,2,2
4812,9036,2,2
4812,9298,2,2
4812,9432,2,6
4812,9683,2,2
4812,10268,2,2
4812,10367,2,2
4812,12522,2,3
4812,13193,2,2
4812,13435,2,2
4812,14090,2,3
4812,14557,2,2
4812,15214,2,3
4812,15789,2,4
4812,16052,2,2
4813,4930,2,2
4813,5147,2,2
4813,5621,2,2
4813,6092,2,2
4813,6621,2,2
4813,6861,2,2
4813,6887,2,2
4813,6940,2,2
4813,6971,2,2
4813,7276,2,2
4813,7323,2,2
4813,8203,2,2
4813,9521,2,2
4813,9568,2,2
4813,10601,2,2
4813,10750,2,2
4813,10809,2,2
4813,10990,2,2
4813,11127,2,2
4813,11184,2,2
4813,12108,2,2
4813,13800,2,2
4813,14360,2,2
4813,14533,2,2
4813,14807,2,2
4813,14864,2,2
4813,15126,2,2
4813,15208,2,2
4817,10102,2,3
4821,11697,2,2
4821,11900,2,5
4865,7171,2,3
4865,7994,2,3
4865,12726,2,2
4865,13213,2,2
4865,13217,2,2
4873,5153,2,2
4873,6652,2,2
4873,7166,2,2
4873,8483,2,2
4873,11431,2,2
4873,12923,2,2
4873,13222,2,2
4873,13373,2,2
4873,14248,2,2
4873,15356,2,2
4874,6909,2,2
4874,14976,2,2
4878,5646,2,2
4878,8311,2,2
4878,10587,2,2
4878,11899,2,2
4878,14794,2,2
4878,14996,2,2
4891,5193,2,4
4891,5256,2,2
4891,5349,2,2
4891,5406,2,2
4891,5519,2,3
4891,6507,2,2
4891,6781,2,2
4891,7026,2,3
4891,7134,2,3
4891,7688,2,2
4891,7762,2,2
4891,7898,2,2
4891,8017,2,3
4891,8501,2,2
4891,9251,2,2
4891,9268,2,2
4891,9737,2,2
4891,9943,2,2
4891,9971,2,2
4891,10269,2,2
4891,10657,2,2
4891,12032,2,5
4891,13873,2,2
4891,13978,2,2
4891,14023,2,2
4891,14287,2,2
4891,14864,2,3
4891,15414,2,3
4891,15608,3,5
4891,15789,2,3
4906,7324,2,3
4906,8918,2,2
4930,5147,2,3
4930,5621,2,3
4930,6092,2,3
4930,6184,2,2
4930,6621,2,2
4930,6861,2,5
4930,6887,2,3
4930,6940,2,2
4930,6971,2,2
4930,7276,2,3
4930,7323,2,3
4930,8203,2,2
4930,9051,2,2
4930,9481,2,2
4930,9521,2,2
4930,9568,2,2
4930,9859,2,2
4930,10314,2,2
4930,10601,2,2
4930,10750,2,2
4930,10809,2,3
4930,10990,2,3
4930,11127,2,2
4930,11184,2,2
4930,11210,2,2
4930,12108,2,2
4930,12823,2,2
4930,13800,2,2
4930,14150,2,2
4930,14360,2,2
4930,14533,2,2
4930,14807,2,2
4930,14864,2,2
4930,15126,2,2
4930,15208,2,2
4930,15848,2,2
4930,16097,2,2
4930,16206,2,3
5003,5405,2,2
5003,6971,2,2
5003,7171,2,2
5003,7994,2,2
5003,11640,2,2
5008,5153,2,2
5008,6686,2,2
5008,7265,2,2
5008,7622,2,2
5008,8922,2,2
5008,9238,2,2
5008,11332,2,2
5008,11900,2,2
5008,12699,2,2
5008,13298,2,3
5008,14519,2,2
5010,5942,2,2
5010,13615,2,2
5025,7420,2,2
5025,8918,2,4
5034,5311,2,2
5034,7565,2,3
5034,9532,2,4
5034,12325,2,2
5034,12950,2,3
5034,13165,2,2
5034,14252,2,2
5034,15619,2,2
5039,12523,2,2
5039,12668,2,3
5043,5897,2,2
5043,5900,2,2
5043,5952,2,2
5043,6085,2,3
5043,6402,2,2
5043,6570,2,2
5043,6688,2,2
5043,6779,2,2
5043,6886,2,2
5043,7001,2,2
5043,7026,2,2
5043,7257,2,2
5043,7324,2,2
5043,7565,2,2
5043,7688,2,2
5043,9036,2,2
5043,9298,2,2
5043,9432,2,3
5043,9683,2,2
5043,10268,2,2
5043,10367,2,2
5043,11480,2,2
5043,11640,2,3
5043,11900,2,3
5043,12522,2,2
5043,12950,2,2
5043,13193,2,2
5043,13435,2,2
5043,14090,2,2
5043,14557,2,2
5043,14670,2,2
5043,15214,2,3
5043,15559,2,2
5043,15789,2,3
5043,16052,2,2
5085,10310,2,2
5085,12872,2,2
5085,13721,2,2
5101,5244,2,2
5101,8331,2,2
5101,9319,2,2
5101,11914,2,2
5101,13882,2,2
5113,7565,2,3
5113,8944,2,2
5113,10982,2,3
5113,13222,2,2
5123,7706,2,2
5123,10382,2,2
5123,11140,2,2
5123,12963,2,2
5123,14864,2,2
5129,5672,2,2
5129,6235,2,2
5129,6688,2,2
5129,6849,2,2
5129,7079,2,2
5129,9652,2,2
5129,10211,2,2
5129,10355,2,2
5129,10755,2,2
5129,11124,2,2
5129,11909,2,2
5129,12033,2,2
5129,12522,2,2
5129,12608,2,2
5129,12896,2,2
5129,14099,2,2
5129,15670,2,2
5129,15673,2,2
5129,16242,2,2
5147,5621,2,2
5147,6092,2,2
5147,6621,2,2
5147,6861,2,2
5147,6887,2,2
5147,6940,2,2
5147,6971,2,2
5147,7276,2,2
5147,7323,2,2
5147,8203,2,2
5147,9521,2,2
5147,9568,2,2
5147,10601,2,2
5147,10750,2,2
5147,10809,2,2
5147,10990,2,2
5147,11127,2,2
5147,11184,2,2
5147,12108,2,2
5147,13800,2,2
5147,14360,2,2
5147,14533,2,2
5147,14807,2,2
5147,14864,2,2
5147,15126,2,2
5147,15208,2,2
5153,6652,2,3
5153,6686,2,2
5153,7166,2,2
5153,7265,2,2
5153,7486,2,2
5153,7622,2,2
5153,8483,2,2
5153,8922,2,3
5153,9238,2,2
5153,11332,2,2
5153,11431,2,2
5153,11900,2,8
5153,12699,2,2
5153,12923,2,2
5153,13222,2,2
5153,13298,2,2
5153,13373,2,2
5153,14248,2,2
5153,14519,2,3
5153,15356,2,2
5153,15464,2,3
5155,5784,2,2
5155,5828,2,2
5155,5917,2,3
5155,7397,2,2
5155,7487,2,2
5155,8068,2,2
5155,8469,2,3
5155,8703,2,2
5155,9621,2,2
5155,9875,2,2
5155,10299,2,2
5155,10651,2,2
5155,10842,2,2
5155,11343,2,2
5155,12869,2,2
5155,14976,2,2
5174,5656,2,2
5174,7532,2,2
5174,10314,2,2
5174,11151,2,2
5174,12025,2,3
5174,14043,2,3
5174,15534,2,2
5193,5256,2,4
5193,5406,2,3
5193,5519,2,3
5193,6507,2,2
5193,6781,2,3
5193,7026,2,4
5193,7134,2,2
5193,7688,2,4
5193,7762,2,2
5193,7898,2,2
5193,9268,2,2
5193,9971,2,3
5193,10269,2,2
5193,10657,2,2
5193,12032,2,4
5193,13873,2,3
5193,13978,2,2
5193,14023,2,3
5193,14287,2,2
5193,14864,2,2
5193,15414,2,2
5193,15608,2,2
5193,15789,2,5
5204,9247,2,2
5204,10729,2,2
5204,11900,2,2
5204,12881,2,2
5204,13993,2,3
5206,6682,2,2
5206,14900,2,2
5222,6658,2,3
5228,5318,2,2
5228,6092,2,2
5228,6258,2,2
5228,6971,2,2
5228,12223,2,2
5228,13232,2,2
5228,14480,2,2
5228,14976,2,2
5228,16219,2,2
5233,6235,2,3
5233,7126,2,3
5235,5650,2,5
5235,7264,2,5
5235,9265,2,5
5235,11836,2,4
5235,11900,2,8
5237,5643,2,3
5237,7781,2,2
5243,5444,2,2
5243,5633,2,2
5243,5749,2,2
5243,6059,2,2
5243,6467,2,2
5243,6556,2,2
5243,6570,2,2
5243,6748,2,2
5243,6866,2,2
5243,6960,2,2
5243,7377,2,2
5243,7492,2,2
5243,7710,2,3
5243,7759,2,2
5243,7864,2,2
5243,8227,3,3
5243,8407,2,2
5243,8616,2,2
5243,9055,2,2
5243,9368,2,2
5243,9432,2,2
5243,9670,2,2
5243,11111,2,2
5243,11124,2,2
5243,11490,2,3
5243,12334,2,2
5243,14291,2,3
5243,15016,2,2
5243,15950,2,2
5243,16184,2,2
5244,8331,2,2
5244,9319,2,2
5244,11914,2,2
5244,13882,2,2
5256,5406,2,2
5256,5519,2,2
5256,6507,2,3
5256,6781,2,2
5256,7026,2,2
5256,7134,2,2
5256,7688,2,2
5256,7762,2,2
5256,7898,2,2
5256,8040,2,2
5256,8555,2,2
5256,9268,2,2
5256,9971,2,2
5256,10009,2,2
5256,10269,2,2
5256,10657,2,3
5256,11628,2,2
5256,12032,2,2
5256,13873,2,3
5256,13978,2,3
5256,14023,2,2
5256,14287,2,2
5256,14864,2,2
5256,15414,2,2
5256,15608,2,2
5256,15789,2,2
5311,7565,2,2
5311,9532,2,2
5311,12325,2,2
5311,12950,2,2
5311,13165,2,2
5311,14252,2,2
5311,15619,2,2
5318,6258,2,2
5318,12223,2,2
5318,13232,2,2
5318,14480,2,2
5318,14976,2,2
5349,9943,2,2
5349,15608,2,2
5377,5470,2,2
5377,5861,2,2
5377,7565,2,3
5377,7873,2,2
5377,8772,2,2
5377,8945,2,2
5377,10398,2,2
5377,10997,2,2
5377,11797,2,2
5377,12487,2,2
5377,12943,2,2
5377,13615,2,3
5377,14095,2,2
5377,14102,2,3
5377,14296,2,2
5377,14721,2,2
5405,6971,2,3
5405,7171,2,2
5405,7994,2,2
5405,11640,2,2
5406,5519,2,2
5406,6507,2,2
5406,6781,2,2
5406,7026,2,2
5406,7134,2,2
5406,7688,2,2
5406,7762,2,2
5406,7898,2,2
5406,9268,2,2
5406,9971,2,2
5406,10269,2,2
5406,10657,2,2
5406,12032,2,2
5406,13873,2,2
5406,13978,2,2
5406,14023,2,2
5406,14287,2,2
5406,14864,2,2
5406,15414,2,2
5406,15608,2,2
5406,15789,2,2
5435,9604,2,3
5444,5633,2,2
5444,6467,2,2
5444,6556,2,2
5444,6570,2,2
5444,6866,2,2
5444,6960,2,2
5444,7492,2,2
5444,7759,2,2
5444,7864,2,2
5444,8227,2,2
5444,8616,2,2
5444,11124,2,2
5444,12334,2,2
5444,14291,2,2
5444,15016,2,2
5444,16184,2,2
5462,5954,2,2
5462,8918,2,2
5462,9279,2,2
5462,13566,2,2
5462,14618,2,2
5470,5861,2,2
5470,7565,2,3
5470,7873,2,2
5470,8772,2,3
5470,8945,2,2
5470,10398,2,3
5470,10997,2,2
5470,11797,2,2
5470,12487,2,2
5470,12943,2,2
5470,13615,2,5
5470,14095,2,2
5470,14102,2,3
5470,14296,2,2
5470,14721,2,2
5472,13907,2,2
5502,8573,2,2
5512,7565,2,3
5512,9538,2,2
5512,12950,2,4
5519,6507,2,2
5519,6781,2,2
5519,7026,2,3
5519,7134,2,3
5519,7688,2,3
5519,7762,2,2
5519,7898,2,2
5519,9268,2,2
5519,9971,2,2
5519,10269,2,2
5519,10657,2,2
5519,12032,2,3
5519,13873,2,2
5519,13978,2,2
5519,14023,2,2
5519,14287,2,2
5519,14864,2,2
5519,15414,2,4
5519,15608,2,2
5519,15789,2,2
5543,6769,2,2
5565,13615,2,2
5576,7264,2,3
5576,11900,2,2
5576,12881,2,2
5576,14874,2,2
5597,14976,2,2
5606,8564,2,2
5621,6092,2,2
5621,6621,2,2
5621,6861,2,2
5621,6887,2,2
5621,6940,2,2
5621,6971,2,2
5621,7276,2,2
5621,7323,2,2
5621,8203,2,2
5621,8918,2,2
5621,9521,2,2
5621,9568,2,3
5621,10409,2,2
5621,10601,2,2
5621,10750,2,2
5621,10809,2,2
5621,10990,2,2
5621,11127,2,2
5621,11184,2,2
5621,12108,2,2
5621,13800,2,2
5621,14360,2,2
5621,14533,2,2
5621,14807,2,3
5621,14864,2,2
5621,15126,2,2
5621,15159,2,2
5621,15208,2,2
5621,15228,2,2
5633,6467,2,2
5633,6556,2,3
5633,6570,2,3
5633,6866,2,2
5633,6960,2,2
5633,7492,2,2
5633,7759,2,2
5633,7864,2,2
5633,8227,2,2
5633,8616,2,2
5633,11124,2,2
5633,12334,2,4
5633,14291,2,2
5633,15016,2,2
5633,16184,2,2
5635,15666,2,2
5637,8990,2,2
5643,6275,2,2
5643,7017,2,2
5643,7781,2,2
5643,10312,2,2
5643,13635,2,2
5643,14501,2,2
5643,15499,2,2
5646,8311,2,3
5646,10587,2,3
5646,11899,2,2
5646,14794,2,2
5646,14996,2,2
5656,7532,2,2
5656,10314,2,2
5656,11151,2,2
5656,12025,2,2
5656,14043,2,2
5656,15534,2,2
5672,6235,2,2
5672,6688,2,3
5672,6849,2,2
5672,7079,2,2
5672,9652,2,2
5672,10211,2,2
5672,10355,2,2
5672,10755,2,2
5672,11124,2,2
5672,11909,2,2
5672,12033,2,2
5672,12522,2,3
5672,12608,2,2
5672,12896,2,2
5672,14099,2,2
5672,15670,2,2
5672,15673,2,2
5672,16242,2,2
5701,14010,2,2
5718,6207,2,2
5718,15016,2,2
5749,6059,2,3
5749,6748,2,2
5749,7377,2,2
5749,7710,2,3
5749,8227,2,2
5749,8407,2,2
5749,9368,2,2
5749,9432,2,3
5749,11490,2,3
5749,15950,2,3
5759,6900,2,2
5759,7078,2,2
5759,7677,2,2
5759,9608,2,2
5759,13481,2,2
5759,14976,2,2
5759,15206,2,2
5759,15819,2,2
5759,16106,2,2
5779,10637,2,2
5784,5828,2,2
5784,5917,2,2
5784,7397,2,2
5784,10299,2,3
5784,10651,2,2
5784,10842,2,2
5828,5917,2,2
5828,7397,2,2
5828,10299,2,3
5828,10651,2,2
5828,10842,2,2
5831,14084,2,2
5843,12231,2,2
5861,7565,2,2
5861,7873,2,2
5861,8772,2,2
5861,8945,2,2
5861,10398,2,2
5861,10997,2,2
5861,11797,2,2
5861,12487,2,2
5861,12943,2,2
5861,13615,2,3
5861,14095,2,2
5861,14102,2,2
5861,14296,2,2
5861,14721,2,2
5880,13615,2,4
5890,14976,2,3
5897,5900,2,2
5897,5952,2,3
5897,6570,2,2
5897,6688,2,3
5897,6779,2,2
5897,6886,2,2
5897,7001,2,2
5897,7026,2,2
5897,7257,2,2
5897,7324,2,2
5897,7688,2,2
5897,9036,2,2
5897,9298,2,2
5897,9432,2,2
5897,9683,2,2
5897,10268,2,2
5897,10367,2,2
5897,12522,2,3
5897,13193,2,2
5897,13435,2,2
5897,14090,2,2
5897,14557,2,2
5897,15214,2,2
5897,15789,2,2
5897,16052,2,2
5900,5952,2,2
5900,6570,2,2
5900,6688,2,2
5900,6779,2,2
5900,6886,2,2
5900,7001,2,2
5900,7026,2,2
5900,7257,2,2
5900,7324,2,2
5900,7688,2,2
5900,9036,2,2
5900,9298,2,2
5900,9432,2,2
5900,9683,2,2
5900,10268,2,2
5900,10367,2,2
5900,12522,2,2
5900,13193,2,2
5900,13435,2,2
5900,14090,2,2
5900,14557,2,2
5900,15214,2,2
5900,15789,2,2
5900,16052,2,2
5916,15159,2,2
5917,7397,2,2
5917,10299,2,3
5917,10651,2,2
5917,10842,2,2
5942,13615,2,3
5952,6570,2,2
5952,6688,2,3
5952,6779,2,2
5952,6886,2,2
5952,7001,2,2
5952,7026,2,2
5952,7257,2,2
5952,7324,2,2
5952,7688,2,2
5952,9036,2,2
5952,9298,2,2
5952,9432,2,2
5952,9683,2,2
5952,10268,2,2
5952,10367,2,2
5952,12522,2,3
5952,13193,2,2
5952,13435,2,2
5952,14090,2,2
5952,14557,2,2
5952,15214,2,2
5952,15789,2,2
5952,16052,2,2
5954,8918,2,3
5954,9279,2,2
5954,13566,2,2
5954,14618,2,3
5956,15630,2,2
6020,11644,2,4
6059,6748,2,2
6059,7377,2,2
6059,7710,2,2
6059,8227,2,2
6059,8407,2,2
6059,9368,2,2
6059,9432,2,2
6059,11490,2,2
6059,15950,2,2
6085,6402,2,2
6085,11480,2,3
6085,11640,2,3
6085,14670,2,2
6085,15559,2,2
6092,6621,2,2
6092,6861,2,3
6092,6887,2,2
6092,6940,2,2
6092,6971,3,5
6092,7262,2,2
6092,7276,2,2
6092,7323,2,3
6092,7994,2,3
6092,8203,2,2
6092,9521,2,3
6092,9568,2,2
6092,9778,2,3
6092,10601,2,2
6092,10750,2,2
6092,10809,2,3
6092,10990,2,4
6092,11100,2,3
6092,11127,2,2
6092,11184,2,2
6092,12108,2,2
6092,12255,2,2
6092,13443,2,3
6092,13800,2,2
6092,14360,2,2
6092,14533,2,3
6092,14594,2,2
6092,14807,2,2
6092,14864,2,3
6092,14996,2,2
6092,15109,2,2
6092,15126,2,2
6092,15208,2,2
6092,15654,2,2
6092,16071,2,3
6092,16219,2,3
6102,14976,2,4
6106,8406,2,2
6106,8618,2,2
6106,12520,2,2
6114,7458,2,2
6114,9770,2,2
6114,12523,2,4
6114,13102,2,2
6114,14976,2,2
6114,15618,2,2
6114,16071,2,2
6122,14874,2,2
6128,7993,2,2
6128,8587,2,2
6128,8990,2,2
6128,9621,2,2
6128,16260,2,2
6130,13615,2,5
6130,14637,2,2
6131,6646,2,2
6131,7844,2,3
6131,13773,2,5
6131,13915,2,2
6142,13359,2,2
6147,13615,2,3
6173,11644,2,4
6184,9859,2,3
6184,10314,2,2
6184,14150,2,2
6184,15848,2,2
6184,16097,2,2
6184,16206,2,3
6201,8693,2,2
6207,11095,2,2
6207,15016,2,2
6219,6971,2,2
6219,16015,2,2
6235,6351,2,3
6235,6688,2,2
6235,6849,2,2
6235,6919,2,2
6235,7079,2,2
6235,7126,2,2
6235,7494,2,2
6235,7864,2,2
6235,9016,2,2
6235,9652,2,2
6235,10211,2,2
6235,10355,2,2
6235,10755,2,2
6235,11124,2,2
6235,11222,2,2
6235,11909,2,2
6235,12033,2,2
6235,12522,2,2
6235,12608,2,2
6235,12896,2,2
6235,14099,2,3
6235,15670,2,3
6235,15673,2,2
6235,16242,2,3
6238,12955,2,3
6258,12223,2,2
6258,13232,2,3
6258,14480,2,3
6258,14976,2,2
6275,7017,2,2
6275,10312,2,2
6275,13635,2,2
6275,14501,2,2
6275,15499,2,2
6279,7532,2,2
6279,7994,2,2
6279,11130,2,2
6279,13036,2,2
6279,15452,2,2
6289,11608,2,2
6289,11644,2,8
6289,12896,2,3
6328,6762,2,2
6328,6837,2,2
6328,7371,2,3
6328,7429,2,3
6328,12986,2,2
6328,13411,2,2
6351,6919,2,2
6351,7494,2,2
6351,7864,2,2
6351,9016,2,2
6351,11222,2,2
6360,7486,2,2
6360,8366,2,4
6360,8918,2,3
6360,14535,2,2
6373,10810,2,2
6373,13149,2,2
6392,8918,2,4
6402,11480,2,3
6402,11640,2,2
6402,14670,2,2
6402,15559,2,2
6467,6556,2,2
6467,6570,2,2
6467,6866,2,2
6467,6960,2,2
6467,7492,2,2
6467,7759,2,2
6467,7864,2,2
6467,8227,2,2
6467,8616,2,2
6467,11124,2,2
6467,12334,2,2
6467,14291,2,2
6467,15016,2,2
6467,16184,2,2
6507,6781,2,3
6507,7026,2,3
6507,7134,2,2
6507,7688,2,2
6507,7762,2,2
6507,7898,2,2
6507,9268,2,3
6507,9971,2,2
6507,10269,2,2
6507,10657,2,3
6507,12032,2,3
6507,13873,2,2
6507,13978,2,3
6507,14023,2,2
6507,14287,2,2
6507,14864,2,3
6507,15414,2,2
6507,15608,2,2
6507,15789,2,2
6556,6570,2,3
6556,6866,2,3
6556,6960,2,2
6556,7492,2,2
6556,7759,2,2
6556,7864,2,2
6556,8227,2,2
6556,8616,2,2
6556,11124,2,2
6556,12334,2,3
6556,14291,2,2
6556,15016,2,2
6556,16184,2,2
6570,6688,2,2
6570,6779,2,2
6570,6866,2,2
6570,6886,2,2
6570,6960,2,2
6570,7001,2,2
6570,7026,2,2
6570,7257,2,2
6570,7324,2,2
6570,7492,2,2
6570,7688,2,2
6570,7759,2,2
6570,7864,2,2
6570,8227,2,2
6570,8616,2,2
6570,9036,2,2
6570,9298,2,2
6570,9432,2,2
6570,9683,2,2
6570,10268,2,2
6570,10367,2,2
6570,10958,2,2
6570,11124,2,2
6570,12032,2,2
6570,12334,2,3
6570,12522,2,2
6570,13193,2,2
6570,13435,2,2
6570,14090,2,2
6570,14291,2,2
6570,14557,2,2
6570,15016,2,2
6570,15214,2,2
6570,15789,2,2
6570,16052,2,2
6570,16184,2,2
6576,7994,2,2
6576,13213,2,2
6583,13615,2,5
6605,7371,2,2
6605,8620,2,2
6605,8900,2,2
6605,9383,2,2
6605,9469,2,2
6605,11121,2,2
6605,11885,2,2
6605,12190,2,2
6605,14243,2,2
6605,14976,2,2
6605,15099,2,2
6621,6861,2,2
6621,6887,2,2
6621,6940,2,2
6621,6971,2,2
6621,7276,2,2
6621,7323,2,2
6621,8203,2,2
6621,9521,2,2
6621,9568,2,2
6621,10601,2,2
6621,10750,2,2
6621,10809,2,2
6621,10990,2,2
6621,11127,2,2
6621,11184,2,2
6621,12108,2,2
6621,13800,2,2
6621,14360,2,2
6621,14533,2,2
6621,14807,2,2
6621,14864,2,2
6621,15126,2,2
6621,15208,2,2
6641,8918,2,4
6641,15460,2,5
6646,7844,2,2
6646,13773,2,2
6646,13915,2,3
6652,7166,2,2
6652,8483,2,2
6652,11431,2,2
6652,12923,2,2
6652,13222,2,2
6652,13373,2,2
6652,14248,2,2
6652,15356,2,2
6658,8050,2,3
6658,8439,2,3
6658,8918,2,4
6658,10364,2,5
6658,10693,2,3
6658,12068,2,2
6658,12884,2,2
6658,12898,3,5
6658,13122,2,3
6658,13615,3,11
6658,14118,2,3
6658,14900,2,9
6658,15026,2,6
6658,15686,2,6
6664,6916,2,2
6664,13615,2,3
6682,14900,2,2
6686,7265,2,2
6686,7622,2,2
6686,8922,2,2
6686,9238,2,2
6686,11332,2,2
6686,11900,2,2
6686,12699,2,2
6686,13298,2,2
6686,14519,2,2
6688,6779,2,2
6688,6849,2,2
6688,6886,2,2
6688,7001,2,2
6688,7026,2,2
6688,7079,2,2
6688,7257,2,2
6688,7324,2,2
6688,7688,2,2
6688,9036,2,2
6688,9298,2,2
6688,9432,2,2
6688,9652,2,2
6688,9683,2,2
6688,9976,2,3
6688,10211,2,2
6688,10268,2,2
6688,10355,2,2
6688,10367,2,2
6688,10456,2,3
6688,10755,2,2
6688,11124,2,2
6688,11909,2,2
6688,12033,2,2
6688,12522,3,3
6688,12608,2,2
6688,12896,2,2
6688,13193,2,2
6688,13435,2,2
6688,14090,2,2
6688,14099,2,2
6688,14557,2,2
6688,15214,2,2
6688,15670,2,2
6688,15673,2,2
6688,15789,2,2
6688,16052,2,2
6688,16242,2,2
6701,7420,2,2
6715,11431,2,2
6722,15539,2,2
6722,16062,2,2
6746,7324,2,2
6746,7904,2,2
6746,8437,2,3
6746,10848,2,2
6746,11662,2,2
6746,15016,2,2
6748,7377,2,2
6748,7710,2,2
6748,8227,2,2
6748,8407,2,2
6748,9368,2,2
6748,9432,2,3
6748,11490,2,2
6748,15950,2,2
6762,6837,2,2
6762,7371,2,2
6762,7429,2,2
6762,12986,2,3
6762,13411,2,2
6772,8918,2,3
6772,13615,2,3
6779,6886,2,2
6779,7001,2,2
6779,7026,2,2
6779,7257,2,2
6779,7324,2,2
6779,7688,2,2
6779,9036,2,2
6779,9298,2,2
6779,9432,2,2
6779,9683,2,2
6779,10268,2,2
6779,10367,2,2
6779,12522,2,2
6779,13193,2,3
6779,13435,2,2
6779,14090,2,2
6779,14557,2,2
6779,15214,2,2
6779,15789,2,2
6779,16052,2,2
6781,7026,2,3
6781,7134,2,2
6781,7688,2,3
6781,7762,2,2
6781,7898,2,2
6781,9268,2,2
6781,9971,2,2
6781,10269,2,2
6781,10657,2,2
6781,12032,2,2
6781,13873,2,2
6781,13978,2,2
6781,14023,2,2
6781,14287,2,2
6781,14864,2,3
6781,15414,2,2
6781,15608,2,2
6781,15789,2,3
6837,7371,2,2
6837,7429,2,2
6837,12986,2,2
6837,13213,2,2
6837,13411,2,2
6837,14130,2,2
6849,7079,2,2
6849,9652,2,2
6849,10211,2,2
6849,10355,2,2
6849,10755,2,2
6849,11124,2,2
6849,11909,2,2
6849,12033,2,2
6849,12522,2,2
6849,12608,2,2
6849,12896,2,2
6849,14099,2,2
6849,15670,2,2
6849,15673,2,2
6849,16242,2,2
6861,6887,2,2
6861,6940,2,2
6861,6971,2,2
6861,7276,2,2
6861,7323,2,3
6861,8203,2,2
6861,9521,2,3
6861,9568,2,2
6861,10601,2,2
6861,10750,2,2
6861,10809,2,3
6861,10990,2,3
6861,11127,2,2
6861,11184,2,2
6861,12108,2,2
6861,13800,2,2
6861,14360,2,2
6861,14533,2,2
6861,14807,2,2
6861,14864,2,2
6861,15126,2,2
6861,15208,2,2
6866,6960,2,2
6866,7492,2,2
6866,7759,2,2
6866,7864,2,2
6866,8227,2,2
6866,8616,2,2
6866,11124,2,2
6866,12334,2,2
6866,14291,2,2
6866,15016,2,2
6866,16184,2,2
6885,8619,2,2
6885,11864,2,2
6885,14681,2,2
6885,14976,2,2
6886,7001,2,2
6886,7026,2,2
6886,7257,2,2
6886,7324,2,2
6886,7688,2,2
6886,9036,2,2
6886,9298,2,3
6886,9432,2,2
6886,9683,2,2
6886,10268,2,2
6886,10367,2,2
6886,12522,2,2
6886,13193,2,2
6886,13435,2,2
6886,14090,2,2
6886,14557,2,2
6886,15214,2,2
6886,15789,2,2
6886,16052,2,2
6887,6940,2,2
6887,6971,2,2
6887,7276,2,2
6887,7323,2,2
6887,8203,2,2
6887,9521,2,2
6887,9568,2,2
6887,10601,2,2
6887,10750,2,2
6887,10809,2,2
6887,10990,2,2
6887,11127,2,2
6887,11184,2,3
6887,12108,2,4
6887,13800,2,2
6887,14360,2,2
6887,14533,2,2
6887,14807,2,2
6887,14864,2,2
6887,15126,2,2
6887,15208,2,2
6900,7078,2,2
6900,7677,2,2
6900,9608,2,2
6900,13481,2,3
6900,14976,2,2
6900,15206,2,2
6900,15819,2,2
6900,16106,2,2
6909,14976,2,2
6916,13508,2,3
6916,13615,3,4
6919,7494,2,2
6919,7864,2,3
6919,8294,2,2
6919,8439,2,3
6919,9016,2,2
6919,11222,2,2
6940,6971,2,2
6940,7276,2,2
6940,7323,2,2
6940,8203,2,2
6940,9521,2,2
6940,9568,2,2
6940,10601,2,2
6940,10750,2,2
6940,10809,2,2
6940,10990,2,2
6940,11127,2,2
6940,11184,2,2
6940,12108,2,2
6940,13800,2,2
6940,14360,2,2
6940,14533,2,2
6940,14807,2,2
6940,14864,2,2
6940,15126,2,2
6940,15208,2,2
6960,7492,2,2
6960,7759,2,2
6960,7864,2,2
6960,8227,2,2
6960,8616,2,2
6960,11124,2,2
6960,12334,2,2
6960,14291,2,2
6960,15016,2,2
6960,16184,2,2
6971,7171,2,3
6971,7276,2,2
6971,7306,2,2
6971,7323,2,3
6971,7994,2,3
6971,8203,2,2
6971,9521,2,3
6971,9568,2,2
6971,9778,2,3
6971,10601,2,2
6971,10750,2,2
6971,10809,2,2
6971,10990,2,2
6971,11127,2,2
6971,11184,2,2
6971,11253,2,2
6971,11640,2,3
6971,12108,2,2
6971,13443,2,2
6971,13800,2,2
6971,14360,2,2
6971,14533,2,3
6971,14807,2,2
6971,14864,2,3
6971,14996,2,2
6971,15109,2,2
6971,15126,2,2
6971,15208,2,2
6971,16015,2,2
6971,16219,2,2
6971,16223,2,2
7001,7026,2,2
7001,7257,2,2
7001,7324,2,2
7001,7688,2,2
7001,9036,2,2
7001,9298,2,2
7001,9432,2,2
7001,9683,2,2
7001,10268,2,2
7001,10367,2,2
7001,12522,2,2
7001,13193,2,2
7001,13435,2,2
7001,14090,2,2
7001,14557,2,2
7001,15214,2,2
7001,15789,2,2
7001,16052,2,2
7017,10312,2,2
7017,13635,2,2
7017,14501,2,2
7017,15499,2,2
7026,7134,2,2
7026,7257,2,2
7026,7324,2,3
7026,7688,3,3
7026,7762,2,2
7026,7898,2,2
7026,9036,2,2
7026,9096,2,2
7026,9268,2,2
7026,9298,2,2
7026,9432,2,2
7026,9683,2,2
7026,9971,2,2
7026,10268,2,2
7026,10269,2,2
7026,10318,2,2
7026,10367,2,2
7026,10657,2,2
7026,11909,2,2
7026,12032,2,4
7026,12478,2,2
7026,12522,2,2
7026,13193,2,2
7026,13435,2,2
7026,13873,2,2
7026,13978,2,2
7026,14023,2,2
7026,14090,2,4
7026,14287,2,2
7026,14557,2,2
7026,14758,2,2
7026,14864,2,2
7026,15214,2,2
7026,15414,2,2
7026,15608,2,2
7026,15789,3,3
7026,16052,2,2
7028,10450,2,5
7028,13615,2,5
7055,14374,2,2
7078,7677,2,2
7078,9608,2,2
7078,13481,2,2
7078,14976,2,2
7078,15206,2,2
7078,15819,2,2
7078,16106,2,2
7079,9652,2,2
7079,10211,2,2
7079,10355,2,2
7079,10755,2,2
7079,11124,2,2
7079,11909,2,2
7079,12033,2,2
7079,12522,2,2
7079,12608,2,2
7079,12896,2,2
7079,14099,2,2
7079,15670,2,2
7079,15673,2,2
7079,16242,2,2
7083,8159,2,2
7083,10802,2,2
7083,13298,2,2
7100,11899,2,2
7115,8126,2,2
7115,12748,2,2
7115,13213,2,2
7125,8329,2,2
7134,7688,2,2
7134,7762,2,2
7134,7898,2,2
7134,9268,2,2
7134,9971,2,2
7134,10269,2,2
7134,10657,2,2
7134,12032,2,3
7134,13873,2,2
7134,13978,2,2
7134,14023,2,2
7134,14287,2,2
7134,14864,2,3
7134,15414,2,4
7134,15608,2,3
7134,15789,2,2
7162,10405,2,2
7162,10455,2,2
7165,10364,2,3
7165,11186,2,2
7165,15460,2,3
7166,8483,2,2
7166,11431,2,2
7166,12923,2,2
7166,13222,2,2
7166,13373,2,2
7166,14248,2,2
7166,15356,2,2
7171,7804,2,2
7171,7994,3,4
7171,8346,2,2
7171,9716,2,2
7171,10396,2,2
7171,11640,2,3
7171,12269,2,2
7171,12726,2,2
7171,13213,2,2
7171,13217,2,3
7171,14555,2,2
7171,14996,2,2
7193,7474,2,2
7202,13615,2,2
7202,14252,2,2
7202,15743,2,2
7244,7989,2,2
7244,8918,2,3
7257,7324,2,2
7257,7688,2,2
7257,9036,2,2
7257,9298,2,2
7257,9432,2,2
7257,9683,2,2
7257,10268,2,2
7257,10367,2,2
7257,12522,2,2
7257,13193,2,2
7257,13435,2,2
7257,14090,2,2
7257,14557,2,2
7257,15214,2,2
7257,15789,2,2
7257,16052,2,2
7262,7994,2,2
7262,11100,2,2
7262,14594,2,2
7262,15654,2,2
7264,7767,2,2
7264,9410,2,2
7264,11900,3,5
7264,12231,2,3
7264,12881,2,2
7264,13016,2,2
7264,14874,2,2
7265,7622,2,2
7265,8922,2,2
7265,9238,2,2
7265,11332,2,2
7265,11900,2,2
7265,12699,2,2
7265,13298,2,2
7265,14519,2,2
7276,7323,2,3
7276,8203,2,2
7276,9521,2,2
7276,9568,2,2
7276,10601,2,2
7276,10750,2,2
7276,10809,2,3
7276,10990,2,3
7276,11127,2,2
7276,11151,2,2
7276,11184,2,2
7276,11221,2,3
7276,11838,2,2
7276,12108,2,2
7276,13764,2,2
7276,13800,2,2
7276,14250,2,2
7276,14360,2,2
7276,14533,2,2
7276,14807,2,2
7276,14864,2,2
7276,15126,2,2
7276,15208,2,2
7276,15414,2,3
7289,7994,2,3
7289,11230,2,2
7289,11768,2,2
7289,12498,2,2
7300,8997,2,2
7300,11849,2,4
7306,11253,2,2
7306,16223,2,2
7323,8203,2,2
7323,9521,2,2
7323,9568,2,2
7323,10601,2,2
7323,10750,2,2
7323,10809,2,2
7323,10990,2,4
7323,11127,2,2
7323,11184,2,2
7323,12108,2,2
7323,13800,2,2
7323,14360,2,2
7323,14533,2,3
7323,14807,2,2
7323,14864,2,3
7323,15126,2,2
7323,15208,2,2
7324,7688,2,2
7324,7904,2,2
7324,8437,2,2
7324,8918,2,3
7324,9036,2,2
7324,9298,2,2
7324,9432,2,2
7324,9683,2,2
7324,10268,2,2
7324,10367,2,2
7324,10848,2,2
7324,11662,2,2
7324,12522,2,2
7324,13193,2,2
7324,13435,2,2
7324,14090,2,4
7324,14557,2,2
7324,15016,2,2
7324,15214,2,2
7324,15789,2,2
7324,16052,2,2
7335,8918,2,2
7335,13443,2,2
7335,14555,2,2
7335,16206,2,2
7368,8778,2,2
7368,9750,2,2
7368,10414,2,2
7368,11654,2,2
7368,16145,2,2
7371,7429,2,2
7371,8620,2,2
7371,8900,2,2
7371,9305,2,2
7371,9383,2,3
7371,9469,2,3
7371,10757,2,2
7371,11121,2,2
7371,11617,2,3
7371,11885,2,2
7371,12190,2,2
7371,12225,2,2
7371,12986,2,2
7371,13411,2,2
7371,14243,2,3
7371,14976,2,4
7371,15099,2,2
7377,7710,2,2
7377,8227,2,2
7377,8407,3,3
7377,9368,2,2
7377,9432,2,2
7377,11490,2,2
7377,12478,2,2
7377,12896,2,3
7377,15950,2,2
7397,10299,2,2
7397,10651,2,2
7397,10842,2,3
7420,8918,2,5
7429,12986,2,4
7429,13411,2,2
7457,10260,2,5
7457,13262,2,2
7458,14976,2,2
7477,14651,2,3
7484,9887,2,2
7484,12943,2,2
7484,13615,2,2
7484,14095,2,2
7484,14227,2,2
7484,15166,2,2
7484,15638,2,2
7486,8366,2,2
7486,8918,2,2
7486,14535,2,2
7486,15464,2,2
7487,8068,2,2
7487,8469,2,2
7487,8703,2,2
7487,9621,2,2
7487,9875,2,2
7487,11343,2,2
7487,12869,2,2
7492,7759,2,2
7492,7864,2,2
7492,8227,2,2
7492,8616,2,2
7492,11124,2,2
7492,12334,2,2
7492,14291,2,2
7492,15016,2,2
7492,16184,2,2
7494,7864,2,2
7494,9016,2,2
7494,11222,2,2
7532,7994,2,3
7532,10314,2,2
7532,11130,2,2
7532,11151,2,2
7532,12025,2,3
7532,12171,2,4
7532,13036,2,2
7532,14043,2,4
7532,14593,2,2
7532,15452,2,2
7532,15534,2,2
7534,11900,2,2
7565,7873,2,2
7565,8772,2,3
7565,8944,2,2
7565,8945,2,2
7565,8990,2,4
7565,9532,2,6
7565,9538,2,3
7565,9841,2,6
7565,10398,2,2
7565,10982,2,5
7565,10997,2,2
7565,11797,2,5
7565,11900,2,7
7565,12325,2,2
7565,12487,2,3
7565,12665,2,3
7565,12943,2,4
7565,12950,3,10
7565,13165,2,2
7565,13222,2,2
7565,13589,2,4
7565,13615,3,12
7565,14063,2,4
7565,14095,2,5
7565,14102,2,4
7565,14252,2,2
7565,14296,2,2
7565,14721,2,3
7565,15619,2,2
7565,15978,2,2
7565,15992,2,3
7609,13615,2,7
7622,8922,2,2
7622,9238,2,2
7622,11332,2,2
7622,11900,2,2
7622,12699,2,2
7622,13298,2,2
7622,14519,2,2
7638,13204,2,2
7677,9608,2,2
7677,13481,2,2
7677,14976,2,2
7677,15206,2,2
7677,15819,2,2
7677,16106,2,2
7680,8918,2,2
7680,10849,2,2
7680,14885,2,2
7683,7994,2,2
7683,13239,2,2
7683,14794,2,2
7688,7762,2,2
7688,7898,2,2
7688,9036,2,2
7688,9096,2,2
7688,9268,2,2
7688,9298,2,2
7688,9432,2,2
7688,9683,2,2
7688,9971,2,2
7688,10268,2,2
7688,10269,2,2
7688,10318,2,2
7688,10367,2,2
7688,10657,2,2
7688,11909,2,2
7688,12032,2,2
7688,12478,2,3
7688,12522,2,2
7688,13193,2,2
7688,13435,2,2
7688,13873,2,2
7688,13978,2,2
7688,14023,2,2
7688,14090,2,4
7688,14287,2,2
7688,14557,2,2
7688,14758,2,2
7688,14864,2,2
7688,15214,2,2
7688,15414,2,3
7688,15608,2,2
7688,15789,3,4
7688,16052,2,2
7702,13409,2,3
7706,10382,2,2
7706,11140,2,2
7706,12963,2,2
7706,14864,2,2
7710,8227,2,3
7710,8407,2,2
7710,9368,2,2
7710,9432,2,3
7710,11490,2,4
7710,15950,2,2
7756,8039,2,5
7756,13615,2,7
7759,7864,2,2
7759,8227,2,2
7759,8616,2,2
7759,11124,2,3
7759,12334,2,3
7759,14291,2,2
7759,15016,2,2
7759,16184,2,2
7762,7898,2,2
7762,9268,2,2
7762,9971,2,2
7762,10269,2,2
7762,10657,2,2
7762,12032,2,2
7762,13873,2,2
7762,13978,2,2
7762,14023,2,2
7762,14287,2,2
7762,14864,2,2
7762,15414,2,2
7762,15608,2,2
7762,15789,2,2
7767,12231,2,2
7804,7994,2,3
7804,8346,2,2
7804,9716,2,2
7804,10396,2,2
7804,12269,2,2
7804,14555,2,2
7804,14996,2,2
7844,13773,2,2
7844,13915,2,2
7862,11121,2,2
7864,8227,2,2
7864,8616,2,2
7864,8944,2,2
7864,9016,2,2
7864,9134,2,7
7864,11124,2,2
7864,11222,2,3
7864,11900,2,5
7864,12334,2,4
7864,14291,2,2
7864,15016,2,2
7864,16184,2,2
7873,8772,2,2
7873,8945,2,2
7873,10398,2,2
7873,10997,2,2
7873,11797,2,2
7873,12487,2,2
7873,12943,2,2
7873,13615,2,2
7873,14095,2,2
7873,14102,2,2
7873,14296,2,2
7873,14721,2,2
7880,13213,2,2
7880,14555,2,2
7895,9826,2,3
7898,9268,2,2
7898,9971,2,2
7898,10269,2,2
7898,10657,2,2
7898,12032,2,2
7898,13873,2,2
7898,13978,2,2
7898,14023,2,2
7898,14287,2,2
7898,14864,2,2
7898,15414,2,2
7898,15608,2,2
7898,15789,2,2
7904,8437,2,2
7904,10848,2,2
7904,11662,2,2
7904,15016,2,2
7910,9119,2,2
7910,10383,2,2
7977,11730,2,2
7977,14976,2,2
7989,8918,2,2
7993,8587,2,2
7993,8990,2,2
7993,9621,2,2
7993,16260,2,2
7994,8346,2,2
7994,9716,2,2
7994,10396,2,2
7994,11100,2,2
7994,11130,2,2
7994,11492,2,3
7994,11640,2,3
7994,11768,2,2
7994,12269,2,2
7994,12726,2,2
7994,13036,2,2
7994,13213,3,4
7994,13217,2,3
7994,13239,2,2
7994,14555,2,2
7994,14594,2,2
7994,14794,2,2
7994,14996,2,2
7994,15452,2,2
7994,15654,2,2
8006,13615,2,4
8017,8501,2,2
8017,9251,2,2
8017,9737,2,2
8017,15608,2,2
8038,9142,2,2
8039,9215,2,2
8039,9469,2,3
8039,13615,2,8
8040,8555,2,2
8040,10009,2,2
8050,8439,2,3
8050,10364,2,3
8050,12884,2,4
8050,13122,2,2
8050,14900,2,4
8068,8469,2,2
8068,8703,2,2
8068,9621,2,2
8068,9875,2,2
8068,11343,2,2
8068,12869,2,2
8126,12748,2,3
8126,13213,2,3
8149,8943,2,3
8149,14282,2,2
8149,15998,2,2
8152,8852,2,2
8152,13615,2,2
8159,10802,2,2
8159,13298,2,2
8203,9521,2,2
8203,9568,2,2
8203,10601,2,2
8203,10750,2,2
8203,10809,2,2
8203,10990,2,2
8203,11127,2,2
8203,11184,2,2
8203,12108,2,2
8203,13800,2,2
8203,14360,2,2
8203,14533,2,2
8203,14807,2,2
8203,14864,2,2
8203,15126,2,2
8203,15208,2,2
8215,9018,2,2
8215,14562,2,2
8227,8407,2,2
8227,8616,2,2
8227,9055,2,2
8227,9368,2,2
8227,9432,2,2
8227,9670,2,2
8227,11111,2,2
8227,11124,2,2
8227,11490,2,3
8227,12334,2,2
8227,14291,2,3
8227,15016,2,2
8227,15950,2,2
8227,16184,2,2
8238,8918,2,4
8246,13481,2,2
8294,8439,2,2
8311,10587,2,5
8311,11899,2,3
8311,14794,2,2
8311,14996,2,2
8319,15586,2,2
8323,11124,2,3
8329,12665,2,4
8331,9319,2,2
8331,11914,2,2
8331,13882,2,2
8346,9716,2,2
8346,10396,2,2
8346,12269,2,2
8346,14555,2,2
8346,14996,2,3
8366,8918,2,7
8366,11900,2,6
8366,12881,2,3
8366,13213,2,4
8366,13615,2,12
8366,14535,2,3
8366,15460,2,12
8385,10392,2,2
8385,11547,2,2
8385,12425,2,2
8406,8618,2,2
8406,12520,2,3
8407,9368,2,2
8407,9432,2,2
8407,11490,2,2
8407,12478,2,2
8407,12896,2,3
8407,15950,2,2
8435,13615,2,3
8437,10848,2,2
8437,11662,2,2
8437,12665,2,2
8437,15016,2,2
8439,8869,2,2
8439,10364,2,3
8439,12884,2,2
8439,13122,2,3
8439,14900,2,4
8439,16014,2,2
8469,8703,2,2
8469,9621,2,3
8469,9875,2,3
8469,11343,2,3
8469,12869,2,2
8480,9089,2,2
8480,11436,2,2
8483,11431,2,2
8483,12923,2,2
8483,13222,2,2
8483,13373,2,2
8483,14248,2,2
8483,15356,2,2
8501,9251,2,2
8501,9737,2,2
8501,15608,2,2
8514,8603,2,2
8514,9307,2,3
8514,11206,2,5
8514,11336,2,3
8514,11797,2,3
8514,13615,2,11
8514,14900,2,6
8531,13615,2,2
8531,14171,2,2
8539,15473,2,2
8555,10009,2,2
8587,8990,2,4
8587,9621,2,3
8587,16260,2,3
8597,10272,2,2
8597,13053,2,2
8603,9307,2,2
8603,11206,2,2
8603,11336,2,2
8603,11797,2,2
8603,13615,2,3
8603,14900,2,3
8612,9623,2,5
8612,15309,2,2
8616,11124,2,2
8616,12334,2,2
8616,14291,2,2
8616,15016,2,2
8616,16184,2,2
8617,13615,2,2
8618,12520,2,2
8619,11864,2,3
8619,13615,2,6
8619,14681,2,2
8619,14976,2,4
8619,15085,2,2
8620,8900,2,2
8620,9383,2,2
8620,9469,2,2
8620,11121,2,2
8620,11885,2,2
8620,12190,2,2
8620,14243,2,2
8620,14976,2,2
8620,15099,2,2
8655,15608,2,2
8663,12722,2,3
8691,9087,2,2
8691,9635,2,2
8703,9621,2,2
8703,9875,2,2
8703,11343,2,2
8703,12869,2,2
8772,8945,2,2
8772,10398,2,3
8772,10997,2,2
8772,11797,2,2
8772,12487,2,2
8772,12943,2,3
8772,13615,2,4
8772,14095,2,3
8772,14102,2,3
8772,14296,2,2
8772,14721,2,2
8778,9750,2,2
8778,10414,2,2
8778,11654,2,2
8778,16145,2,3
8794,14864,2,2
8850,12722,2,2
8852,13615,2,2
8868,12032,2,3
8869,16014,2,2
8888,9583,2,2
8888,13615,2,2
8900,9383,2,2
8900,9469,2,2
8900,11121,2,2
8900,11885,2,2
8900,12190,2,2
8900,14243,2,2
8900,14976,2,2
8900,15099,2,2
8916,9737,2,2
8918,9162,2,4
8918,9279,2,2
8918,9604,2,3
8918,9813,2,3
8918,10409,2,2
8918,10538,2,2
8918,10849,2,2
8918,10918,2,8
8918,11644,2,4
8918,11900,2,3
8918,12722,2,2
8918,12853,2,4
8918,12898,2,3
8918,13109,2,3
8918,13443,2,3
8918,13566,2,3
8918,13615,3,6
8918,13690,2,3
8918,13868,2,4
8918,13934,2,2
8918,14535,2,2
8918,14555,2,2
8918,14618,2,3
8918,14651,2,4
8918,14885,2,2
8918,15460,3,6
8918,15568,2,2
8918,15608,2,3
8918,15773,3,4
8918,15789,2,3
8918,15884,2,2
8918,16206,2,3
8922,9238,2,2
8922,11332,2,2
8922,11900,2,4
8922,12699,2,2
8922,13298,2,3
8922,14519,2,2
8943,14282,2,3
8943,14976,2,3
8943,15998,2,2
8944,10982,2,2
8944,11900,2,2
8944,13222,2,2
8945,10398,2,3
8945,10997,2,2
8945,11797,2,2
8945,12487,2,2
8945,12943,2,2
8945,13615,2,3
8945,14095,2,2
8945,14102,2,2
8945,14296,2,2
8945,14721,2,2
8990,9621,2,2
8990,13615,2,5
8990,15992,2,2
8990,16260,2,2
8997,11849,2,3
9012,11900,2,3
9016,11222,2,2
9018,14562,2,2
9036,9298,2,2
9036,9432,2,2
9036,9683,2,2
9036,10268,2,2
9036,10367,2,2
9036,12522,2,2
9036,13193,2,2
9036,13435,2,2
9036,14090,2,2
9036,14557,2,2
9036,15214,2,2
9036,15789,2,2
9036,16052,2,2
9044,13615,2,4
9047,11797,2,3
9047,13615,2,5
9051,9481,2,2
9051,11210,2,2
9051,12823,2,2
9055,9670,2,2
9055,11111,2,2
9087,9635,2,2
9089,11436,2,2
9096,10318,2,2
9096,11909,2,2
9096,12478,2,3
9096,14758,2,2
9096,15789,2,2
9119,10383,2,2
9134,11900,2,7
9134,16235,2,3
9162,13934,2,2
9162,14976,2,3
9203,12131,2,2
9203,13553,2,2
9203,13615,2,5
9209,11648,2,2
9209,13016,2,2
9213,14317,2,2
9238,11332,2,2
9238,11900,2,2
9238,12699,2,2
9238,13298,2,2
9238,14519,2,2
9238,14535,2,2
9251,9737,2,2
9251,15608,2,2
9268,9971,2,2
9268,10269,2,2
9268,10657,2,2
9268,12032,2,3
9268,13873,2,2
9268,13978,2,2
9268,14023,2,3
9268,14287,2,2
9268,14864,2,2
9268,15414,2,2
9268,15608,2,2
9268,15789,2,2
9273,9867,2,2
9279,13566,2,2
9279,14618,2,2
9298,9432,2,2
9298,9683,2,3
9298,10268,2,2
9298,10367,2,2
9298,12522,2,2
9298,13193,2,2
9298,13435,2,2
9298,14090,2,2
9298,14557,2,2
9298,15214,2,2
9298,15789,2,2
9298,16052,2,2
9305,10757,2,2
9305,11617,2,2
9305,12225,2,2
9307,11206,2,3
9307,11336,2,2
9307,11797,2,5
9307,13615,2,7
9307,14900,2,5
9319,11914,2,2
9319,13882,2,2
9329,11719,2,2
9344,11794,2,2
9368,9432,2,2
9368,11490,2,2
9368,15950,2,2
9383,9469,2,2
9383,11121,2,2
9383,11508,2,2
9383,11885,2,2
9383,12190,2,2
9383,13615,2,4
9383,14243,2,2
9383,14976,3,3
9383,15099,2,2
9389,12478,2,2
9415,11206,2,11
9415,12898,2,7
9415,15460,2,13
9432,9683,2,2
9432,10268,2,2
9432,10367,2,2
9432,11092,2,3
9432,11490,2,3
9432,12522,2,2
9432,12806,2,3
9432,13193,2,2
9432,13435,2,2
9432,14090,2,3
9432,14557,2,2
9432,15214,2,3
9432,15789,2,2
9432,15950,2,2
9432,16052,2,2
9469,11121,2,2
9469,11885,2,3
9469,12190,2,2
9469,14243,2,3
9469,14976,2,4
9469,15099,2,2
9481,11210,2,2
9481,12823,2,2
9521,9568,2,2
9521,10601,2,2
9521,10750,2,2
9521,10809,2,2
9521,10990,2,3
9521,11127,2,2
9521,11184,2,2
9521,12108,2,3
9521,13800,2,2
9521,14360,2,2
9521,14533,2,2
9521,14807,2,2
9521,14864,2,2
9521,15126,2,2
9521,15208,2,2
9532,12325,2,2
9532,12950,2,7
9532,13165,2,2
9532,14252,2,2
9532,15619,2,2
9538,12950,2,2
9568,10601,2,2
9568,10750,2,2
9568,10809,2,2
9568,10990,2,2
9568,11127,2,2
9568,11184,2,2
9568,12108,2,2
9568,13800,2,2
9568,14360,2,2
9568,14533,2,2
9568,14807,2,2
9568,14864,2,2
9568,15126,2,2
9568,15208,2,2
9575,9735,2,2
9583,13615,2,3
9604,10918,2,2
9604,15460,2,2
9608,13481,2,2
9608,14976,2,3
9608,15206,2,2
9608,15819,2,2
9608,16106,2,2
9621,9875,2,3
9621,11343,2,3
9621,12869,2,2
9621,16260,2,3
9623,11195,2,2
9623,15309,2,2
9649,14068,2,2
9652,10211,2,2
9652,10355,2,2
9652,10755,2,2
9652,11124,2,2
9652,11909,2,2
9652,12033,2,2
9652,12522,2,2
9652,12608,2,2
9652,12896,2,2
9652,14099,2,2
9652,15670,2,2
9652,15673,2,2
9652,16242,2,2
9670,11111,2,2
9683,10268,2,2
9683,10367,2,2
9683,12522,2,2
9683,13193,2,2
9683,13435,2,2
9683,14090,2,2
9683,14557,2,2
9683,15214,2,2
9683,15789,2,2
9683,16052,2,2
9716,10396,2,2
9716,12269,2,2
9716,14555,2,2
9716,14996,2,2
9737,11537,2,2
9737,12653,2,3
9737,13217,2,2
9737,14264,2,2
9737,14864,2,2
9737,15608,2,2
9750,10414,2,2
9750,11654,2,2
9750,14976,2,2
9750,16145,2,3
9770,12523,2,3
9778,13443,2,2
9778,14996,2,2
9778,15109,2,2
9826,9867,2,3
9826,12739,2,3
9826,14237,2,2
9841,12162,2,2
9841,14063,2,2
9859,10314,2,2
9859,14150,2,2
9859,15848,2,2
9859,16097,2,2
9859,16206,2,2
9867,12739,2,3
9875,11343,2,2
9875,12869,2,2
9887,12943,2,2
9887,13615,2,2
9887,14095,2,2
9887,14227,2,2
9887,15166,2,2
9887,15638,2,2
9936,14249,2,2
9936,14976,2,4
9943,15608,2,2
9971,10269,2,2
9971,10657,2,2
9971,12032,2,2
9971,13873,2,2
9971,13978,2,2
9971,14023,2,2
9971,14287,2,2
9971,14864,2,2
9971,15414,2,2
9971,15608,2,2
9971,15789,2,2
9976,10456,2,3
9976,12522,2,3
10035,14976,2,2
10061,10924,2,3
10120,11382,2,2
10120,12283,2,2
10122,13615,2,2
10138,12200,2,2
10159,12977,2,6
10199,14976,2,2
10211,10355,2,2
10211,10755,2,2
10211,11124,2,2
10211,11909,2,2
10211,12033,2,2
10211,12522,2,2
10211,12608,2,2
10211,12896,2,2
10211,14099,2,2
10211,15670,2,2
10211,15673,2,2
10211,16242,2,2
10260,11206,2,4
10260,13262,2,2
10268,10367,2,2
10268,12522,2,2
10268,13193,2,2
10268,13435,2,2
10268,14090,2,2
10268,14557,2,2
10268,15214,2,2
10268,15789,2,2
10268,16052,2,2
10269,10657,2,2
10269,12032,2,2
10269,13873,2,2
10269,13978,2,2
10269,14023,2,2
10269,14287,2,2
10269,14864,2,2
10269,15414,2,2
10269,15608,2,2
10269,15789,2,2
10272,13053,2,2
10291,11121,2,2
10291,14681,2,2
10291,14976,2,2
10299,10651,2,2
10299,10842,2,2
10310,12872,2,2
10310,13721,2,2
10312,13635,2,2
10312,14501,2,2
10312,15499,2,2
10314,11151,2,2
10314,12025,2,2
10314,14043,2,2
10314,14150,2,2
10314,15534,2,2
10314,15848,2,2
10314,16097,2,2
10314,16206,2,2
10318,11909,2,2
10318,12478,2,2
10318,14758,2,2
10318,15789,2,2
10355,10755,2,2
10355,11124,2,2
10355,11909,2,2
10355,12033,2,2
10355,12522,2,2
10355,12608,2,2
10355,12896,2,2
10355,14099,2,2
10355,15670,2,2
10355,15673,2,2
10355,16242,2,2
10364,12884,2,3
10364,13122,2,4
10364,14198,2,2
10364,14900,2,7
10364,15460,2,6
10367,12522,2,2
10367,13193,2,2
10367,13435,2,2
10367,14090,2,3
10367,14557,2,2
10367,15214,2,2
10367,15789,2,2
10367,16052,2,2
10382,11140,2,2
10382,12963,2,2
10382,14864,2,2
10392,11547,2,2
10392,12425,2,5
10396,12269,2,2
10396,14555,2,2
10396,14996,2,2
10398,10997,2,2
10398,11797,2,2
10398,12487,2,3
10398,12943,2,2
10398,13615,2,5
10398,14095,2,2
10398,14102,2,2
10398,14296,2,2
10398,14721,2,3
10405,10455,2,2
10414,11654,2,2
10414,16145,2,2
10421,12093,2,2
10450,13615,2,15
10456,12522,2,3
10475,11573,2,2
10538,13934,2,2
10584,14976,2,2
10587,11899,2,4
10587,14794,2,2
10587,14996,2,2
10601,10750,2,2
10601,10809,2,2
10601,10990,2,2
10601,11127,2,2
10601,11184,2,2
10601,12108,2,2
10601,13800,2,2
10601,14360,2,2
10601,14533,2,2
10601,14807,2,2
10601,14864,2,2
10601,15126,2,2
10601,15208,2,2
10636,13217,2,2
10638,14101,2,2
10651,10842,2,2
10657,12032,2,2
10657,13873,2,2
10657,13978,2,3
10657,14023,2,2
10657,14287,2,2
10657,14864,2,2
10657,15414,2,2
10657,15608,2,2
10657,15789,2,2
10729,11900,2,3
10729,12881,2,2
10750,10809,2,2
10750,10990,2,2
10750,11127,2,2
10750,11184,2,2
10750,12108,2,2
10750,13800,2,2
10750,14360,2,2
10750,14533,2,2
10750,14807,2,2
10750,14864,2,2
10750,15126,2,2
10750,15208,2,2
10755,11124,2,2
10755,11909,2,3
10755,12033,2,2
10755,12522,2,2
10755,12608,2,2
10755,12896,2,2
10755,14099,2,2
10755,15670,2,2
10755,15673,2,2
10755,16242,2,2
10757,11617,2,2
10757,12225,2,2
10802,13298,2,2
10802,14907,2,2
10809,10990,2,3
10809,11127,2,2
10809,11184,2,2
10809,12108,2,2
10809,13800,2,2
10809,14360,2,2
10809,14533,2,2
10809,14807,2,2
10809,14864,2,3
10809,15126,2,2
10809,15208,2,2
10810,13149,2,2
10848,11662,2,2
10848,15016,2,2
10849,14885,2,2
10918,11155,2,3
10918,13868,2,3
10918,15460,2,4
10922,15460,2,2
10958,12032,2,2
10982,13222,2,2
10990,11127,2,2
10990,11184,2,2
10990,12108,2,2
10990,13800,2,2
10990,14360,2,2
10990,14533,2,2
10990,14807,2,2
10990,14864,2,2
10990,15126,2,2
10990,15208,2,2
10997,11797,2,2
10997,12487,2,2
10997,12943,2,2
10997,13615,2,2
10997,14095,2,2
10997,14102,2,2
10997,14296,2,2
10997,14721,2,2
11092,12806,2,3
11100,14594,2,2
11100,15654,2,2
11113,15715,2,2
11121,11885,2,2
11121,12190,2,2
11121,14243,2,2
11121,14681,2,2
11121,14976,3,3
11121,15099,2,2
11124,11909,2,2
11124,12033,2,2
11124,12334,2,3
11124,12522,2,2
11124,12608,2,2
11124,12896,2,3
11124,14099,2,2
11124,14291,2,2
11124,15016,2,2
11124,15670,2,3
11124,15673,2,2
11124,16184,2,2
11124,16242,2,2
11127,11184,2,2
11127,12108,2,2
11127,13800,2,2
11127,14360,2,2
11127,14533,2,2
11127,14807,2,2
11127,14864,2,2
11127,15126,2,2
11127,15208,2,2
11130,13036,2,2
11130,15452,2,2
11135,12898,2,4
11140,12963,2,2
11140,14864,2,2
11146,14418,2,2
11151,11221,2,2
11151,11838,2,2
11151,12025,2,2
11151,13764,2,2
11151,14043,2,3
11151,15414,2,2
11151,15534,2,2
11155,11644,2,7
11155,13868,2,3
11184,12108,2,3
11184,13800,2,2
11184,14360,2,2
11184,14533,2,2
11184,14807,2,2
11184,14864,2,2
11184,15126,2,2
11184,15208,2,2
11206,11336,2,3
11206,11797,2,2
11206,13615,2,7
11206,13805,2,2
11206,14632,2,8
11206,14651,2,7
11206,14900,2,7
11206,15460,3,10
11206,15867,2,4
11210,12823,2,2
11221,11838,2,2
11221,13764,2,2
11221,15414,2,3
11253,16223,2,2
11286,13352,2,2
11291,13222,2,3
11332,11900,2,2
11332,12699,2,2
11332,13298,2,2
11332,14519,2,2
11336,11797,2,2
11336,13615,2,3
11336,14900,2,3
11343,12869,2,2
11382,12283,2,2
11431,12923,2,2
11431,13222,2,2
11431,13373,2,2
11431,14248,2,4
11431,15296,2,3
11431,15356,2,3
11480,11640,2,2
11480,13479,2,2
11480,14670,2,2
11480,15523,2,2
11480,15559,2,2
11490,15950,2,2
11492,13213,2,3
11500,12265,2,3
11508,13615,2,4
11508,14976,2,4
11537,12653,2,2
11537,13217,2,2
11537,14264,2,2
11547,12425,2,2
11608,11644,2,2
11617,12225,2,2
11628,13615,2,2
11640,14670,2,2
11640,15559,2,2
11644,14578,2,4
11644,14651,3,9
11644,15460,2,10
11648,13016,2,2
11654,16145,2,2
11662,15016,2,2
11671,12354,2,2
11697,11900,2,2
11730,14976,2,2
11740,12498,2,2
11740,13337,2,2
11750,14135,2,2
11797,12487,2,3
11797,12943,2,3
11797,13615,3,5
11797,14095,2,3
11797,14102,2,2
11797,14296,2,2
11797,14721,2,4
11797,14900,2,3
11838,13764,2,2
11838,15414,2,2
11854,13615,2,7
11854,14380,2,4
11864,14681,2,2
11864,14976,2,3
11885,12190,2,2
11885,14243,2,2
11885,14976,2,2
11885,15099,2,2
11899,13219,2,2
11899,14794,2,2
11899,14996,2,2
11900,12699,2,2
11900,12746,2,2
11900,12881,3,4
11900,12950,2,4
11900,13016,2,2
11900,13298,2,2
11900,13615,2,8
11900,13690,2,4
11900,14519,2,2
11900,14637,2,2
11900,14651,2,3
11900,14874,2,4
11900,15460,2,7
11900,15568,2,3
11900,15788,2,4
11909,12033,2,2
11909,12478,2,3
11909,12522,2,2
11909,12608,2,2
11909,12896,2,2
11909,14099,2,2
11909,14758,2,2
11909,15670,2,2
11909,15673,2,2
11909,15789,2,2
11909,16242,2,2
11914,13882,2,2
12025,14043,2,3
12025,15534,2,2
12032,13873,2,2
12032,13978,2,2
12032,14023,2,3
12032,14287,2,2
12032,14864,2,3
12032,15414,2,4
12032,15608,2,3
12032,15789,2,2
12033,12522,2,2
12033,12608,2,2
12033,12896,2,2
12033,14099,2,2
12033,15670,2,3
12033,15673,2,2
12033,16242,2,2
12068,14118,2,2
12068,15686,2,3
12108,13800,2,2
12108,14360,2,2
12108,14533,2,2
12108,14807,2,2
12108,14864,2,2
12108,15126,2,2
12108,15208,2,2
12131,13553,2,2
12131,13615,2,6
12190,14243,2,2
12190,14976,2,2
12190,15099,2,2
12223,13232,2,2
12223,14480,2,4
12223,14976,2,4
12269,14555,2,2
12269,14996,2,2
12325,12950,2,3
12325,13165,2,2
12325,14252,2,2
12325,15619,2,2
12334,14291,2,3
12334,15016,2,3
12334,16184,2,2
12390,13615,2,2
12390,14786,2,2
12468,14976,2,3
12478,12896,2,3
12478,14758,2,2
12478,15789,2,3
12487,12943,2,3
12487,13615,2,4
12487,14095,2,2
12487,14102,2,2
12487,14296,2,2
12487,14721,2,3
12498,13337,2,2
12522,12608,2,2
12522,12896,2,2
12522,13193,2,2
12522,13435,2,2
12522,14090,2,2
12522,14099,2,2
12522,14557,2,2
12522,15214,2,2
12522,15670,2,2
12522,15673,2,2
12522,15789,2,2
12522,16052,2,2
12522,16242,2,2
12523,12668,2,4
12608,12896,2,3
12608,14099,2,6
12608,15670,2,4
12608,15673,2,3
12608,16242,2,2
12653,13217,2,2
12653,14264,2,2
12665,15682,2,2
12669,13615,2,2
12699,13298,2,2
12699,14519,2,2
12722,13615,3,5
12722,14468,2,4
12726,13213,2,2
12726,13217,2,2
12746,13615,2,4
12746,14651,2,2
12748,13213,2,2
12826,13220,2,3
12826,13868,2,4
12826,14976,2,3
12837,13922,2,2
12843,13239,2,2
12843,13602,2,2
12872,13721,2,3
12881,14874,2,3
12881,15460,2,3
12884,13122,2,2
12884,14900,2,4
12896,14099,2,2
12896,15670,2,6
12896,15673,2,2
12896,16242,2,2
12898,13615,3,10
12898,14468,2,4
12898,15378,2,10
12898,15446,2,4
12923,13222,2,2
12923,13373,2,2
12923,14248,2,2
12923,15356,2,2
12943,13615,3,4
12943,14095,3,3
12943,14102,2,3
12943,14227,2,2
12943,14296,2,2
12943,14721,2,2
12943,15166,2,2
12943,15638,2,3
12950,13165,2,2
12950,14252,2,3
12950,15619,2,2
12963,14864,2,2
12986,13411,2,2
13036,15452,2,2
13053,16229,2,3
13122,13615,2,6
13122,14900,2,7
13149,16108,2,2
13165,14252,2,2
13165,15619,2,2
13193,13435,2,2
13193,14090,2,2
13193,14557,2,2
13193,15214,2,2
13193,15789,2,2
13193,16052,2,2
13213,13217,2,2
13213,14130,2,2
13213,14555,2,2
13217,14264,2,3
13217,15563,2,2
13220,13868,2,4
13220,14976,2,2
13222,13373,2,2
13222,14248,2,2
13222,15356,2,2
13232,14480,2,3
13232,14976,2,2
13239,13602,2,2
13239,14794,2,2
13266,13615,2,3
13266,14809,2,2
13298,14519,2,2
13373,14248,2,2
13373,15356,2,2
13375,15608,2,2
13435,14090,2,2
13435,14557,2,2
13435,15214,2,2
13435,15789,2,2
13435,16052,2,2
13443,14223,2,2
13443,14555,2,2
13443,14996,2,2
13443,15109,2,2
13443,16206,2,3
13481,14249,2,2
13481,14976,2,2
13481,15206,2,2
13481,15819,2,2
13481,16106,2,2
13508,13615,2,5
13553,13615,2,2
13566,14618,2,2
13566,15460,2,3
13589,13615,2,2
13615,13991,2,3
13615,14095,3,3
13615,14102,2,4
13615,14171,2,5
13615,14227,2,5
13615,14252,2,2
13615,14296,2,3
13615,14380,2,5
13615,14411,2,2
13615,14468,2,6
13615,14524,2,2
13615,14637,4,4
13615,14651,2,4
13615,14721,2,4
13615,14786,2,4
13615,14809,2,2
13615,14900,3,12
13615,14976,3,8
13615,15159,2,5
13615,15166,2,6
13615,15638,2,3
13615,15743,2,7
13615,15992,2,4
13615,16012,2,4
13635,14501,2,2
13635,15499,2,2
13690,15568,2,2
13764,15414,2,3
13773,13915,2,2
13800,14360,2,2
13800,14533,2,2
13800,14807,2,2
13800,14864,2,2
13800,15126,2,2
13800,15208,2,2
13868,14976,2,4
13868,15773,2,3
13873,13978,2,2
13873,14023,2,2
13873,14287,2,2
13873,14864,2,2
13873,15414,2,2
13873,15608,2,2
13873,15789,2,2
13978,14023,2,2
13978,14287,2,2
13978,14864,2,2
13978,15414,2,2
13978,15608,2,2
13978,15789,2,2
14023,14287,2,2
14023,14864,2,2
14023,15414,2,2
14023,15608,2,2
14023,15789,2,3
14043,15534,2,2
14090,14557,2,2
14090,15214,2,2
14090,15789,2,3
14090,16052,2,2
14095,14102,2,3
14095,14227,2,2
14095,14296,2,2
14095,14721,2,3
14095,15166,2,2
14095,15638,2,3
14099,15670,2,6
14099,15673,2,3
14099,16242,2,2
14102,14296,2,2
14102,14721,2,2
14118,15686,2,2
14150,15848,2,2
14150,16097,2,2
14150,16206,2,2
14161,14976,2,3
14224,14976,2,2
14227,15166,2,3
14227,15638,2,2
14243,14976,2,3
14243,15099,2,2
14248,15356,2,3
14249,14976,2,2
14252,15619,2,2
14252,15743,2,3
14282,15998,2,2
14287,14864,2,2
14287,15414,2,2
14287,15608,2,2
14287,15789,2,2
14291,15016,2,2
14291,16184,2,2
14296,14721,2,2
14324,14976,2,3
14360,14533,2,2
14360,14807,2,2
14360,14864,2,2
14360,15126,2,2
14360,15208,2,2
14480,14976,2,2
14501,15499,2,2
14533,14807,2,2
14533,14864,2,3
14533,15126,2,2
14533,15208,2,2
14555,14996,2,2
14555,16206,2,3
14557,15214,2,2
14557,15789,2,2
14557,16052,2,2
14594,15654,2,2
14637,14900,2,3
14651,15460,2,6
14651,15867,2,3
14670,15559,2,2
14681,14976,3,3
14758,15789,2,2
14794,14996,2,2
14807,14864,2,2
14807,15126,2,2
14807,15208,2,2
14864,15126,2,2
14864,15208,2,2
14864,15414,2,3
14864,15608,2,3
14864,15789,2,2
14900,15460,2,10
14900,16012,2,4
14976,15099,2,2
14976,15206,2,3
14976,15819,2,2
14976,16106,2,2
14996,15109,2,2
15016,16184,2,2
15126,15208,2,2
15166,15638,2,2
15206,15819,2,2
15206,16106,2,2
15214,15789,2,2
15214,16052,2,2
15414,15608,2,3
15414,15789,2,2
15460,15773,2,5
15460,15867,2,7
15464,15801,2,4
15539,16062,2,2
15608,15789,3,3
15670,15673,2,5
15670,16242,2,3
15673,16242,2,2
15789,16052,2,2
15819,16106,2,2
15848,16097,2,2
15848,16206,2,2
16097,16206,2,3
