0,6792,1,3
0,7457,1,3
0,12125,1,3
2,487,1,3
16,2639,1,3
16,4812,1,3
16,8771,1,3
16,12010,1,3
16,12334,1,3
16,14099,2,3
20,11621,1,3
20,13615,1,3
21,1325,1,3
54,6746,1,3
54,12334,1,3
93,594,1,3
93,4217,1,3
93,4777,1,3
93,7099,1,3
93,7795,1,3
93,9376,1,3
93,9648,1,3
93,11404,1,3
93,13721,2,3
101,7011,1,3
101,13615,1,3
101,14632,1,3
117,1628,1,3
117,3909,1,3
117,4275,1,3
117,4306,1,3
117,5193,1,5
117,5256,1,3
117,5322,1,3
117,10399,1,3
117,10657,1,3
117,12675,1,3
117,13615,1,5
117,13978,1,3
117,14370,1,3
117,15333,1,3
117,15354,1,3
117,16008,1,3
131,751,1,3
131,1325,1,3
131,2653,1,3
131,3551,1,3
131,4750,1,3
131,5470,1,3
131,5541,1,3
131,7011,1,4
131,8820,1,3
131,9203,1,3
131,11925,1,3
131,12223,1,3
131,12950,1,3
131,13615,1,3
131,14900,1,3
138,2598,1,3
138,4777,1,3
138,10178,1,3
138,11900,1,4
138,12733,1,4
138,14788,1,3
138,14823,1,3
138,15502,1,3
138,15788,1,3
163,9621,1,3
195,286,1,3
195,1050,1,5
195,1325,1,3
195,1578,1,6
195,2253,1,3
195,2344,1,4
195,6658,1,5
195,13122,1,3
195,13343,1,4
195,13615,1,6
195,16208,1,3
196,1685,1,3
196,6507,1,3
196,13539,1,3
231,2653,1,3
231,3819,1,3
231,5541,1,3
231,7565,1,3
231,8039,1,3
231,8514,1,3
231,9203,1,3
231,10584,1,3
231,11206,1,3
231,13615,1,3
231,14689,1,3
231,14900,1,3
249,10294,1,3
255,2530,1,4
255,5928,1,3
255,9795,1,3
255,11155,2,3
255,12826,1,3
255,13220,1,3
255,13981,1,3
255,14651,1,4
258,9189,1,3
262,283,1,4
262,699,1,3
262,809,1,3
262,873,1,4
262,914,1,3
262,1467,1,5
262,1780,1,3
262,1862,1,3
262,2586,1,3
262,3057,1,3
262,3600,1,3
262,4720,1,6
262,5459,1,3
262,5981,1,3
262,6062,1,3
262,6649,1,3
262,7234,1,3
262,7556,1,3
262,7972,1,3
262,8138,1,3
262,8271,1,4
262,8694,1,5
262,9612,1,3
262,9623,1,3
262,10315,1,4
262,11195,1,3
262,11388,1,3
262,11876,1,3
262,12171,1,5
262,12862,1,4
262,13019,1,3
262,13042,1,4
262,14067,1,3
262,14068,1,3
262,14578,1,3
262,15635,1,3
262,15649,1,3
262,15765,1,9
262,15883,1,5
267,2598,1,3
267,2653,1,3
267,5387,1,3
267,7011,1,3
267,7275,1,3
267,7620,1,3
267,9940,1,3
267,9991,1,3
267,11121,1,3
267,12487,1,3
267,13015,1,3
267,14721,1,3
283,1780,1,6
283,3381,1,3
283,4720,1,4
283,5235,1,4
283,5981,1,3
283,6102,1,3
283,6291,1,3
283,7244,1,3
283,8271,1,3
283,8539,1,3
283,8694,1,3
283,9612,1,3
283,9623,1,4
283,11900,1,3
283,12862,1,3
283,13615,1,4
283,13811,1,3
283,14067,1,3
283,14651,1,3
283,15765,1,4
283,15839,1,3
285,406,1,3
285,3770,1,3
285,5242,1,3
285,7457,1,3
285,11170,1,3
286,1050,1,3
286,1325,1,3
286,13615,1,4
292,5153,1,3
292,9623,1,3
292,10221,1,3
292,12399,1,3
301,1075,1,4
301,9162,1,3
301,14179,1,3
305,5876,1,3
305,8439,2,3
305,15788,1,3
311,1128,1,3
311,1934,1,3
311,6286,1,3
311,14757,1,3
311,16145,1,3
337,1414,1,3
337,5222,1,3
348,484,1,3
362,10174,1,3
362,12091,1,3
364,1780,1,3
364,2822,1,3
364,4720,1,3
364,5235,1,3
364,8271,1,3
364,9623,1,6
364,13811,1,3
364,15765,1,6
379,406,1,4
379,458,1,3
379,1649,1,3
379,1751,1,3
379,2289,1,4
379,4008,1,3
379,4812,1,3
379,5682,1,3
379,5689,1,3
379,5749,1,4
379,5898,1,3
379,6652,1,3
379,8178,1,3
379,8508,1,3
379,8702,1,3
379,9532,1,4
379,10001,1,3
379,10848,1,3
379,11431,1,3
379,12332,1,3
379,12334,1,3
379,12955,1,3
379,13315,1,3
379,13388,1,3
379,15356,1,3
379,15631,1,3
379,15670,1,7
382,781,1,3
382,7011,1,3
382,13615,1,3
382,15152,1,3
383,1128,1,3
383,4037,1,3
383,6625,1,3
383,10174,1,3
383,12526,1,3
383,13300,1,3
388,3291,1,3
394,821,1,3
394,12988,1,3
395,5633,1,3
395,5689,1,3
395,6238,1,3
395,8702,1,3
395,10001,1,3
395,10833,1,3
395,14190,1,3
395,15658,1,3
403,2277,1,3
403,3066,1,3
403,3489,1,3
403,9945,1,3
403,11314,1,3
403,11441,1,3
403,12108,1,3
403,15162,1,3
406,458,1,3
406,872,1,4
406,1407,1,3
406,1434,1,3
406,1685,1,4
406,1922,2,3
406,1934,1,4
406,2530,1,4
406,2639,1,3
406,3066,1,4
406,3370,1,3
406,3601,1,3
406,3630,1,3
406,3770,1,3
406,3908,1,3
406,3976,1,4
406,4008,1,4
406,4635,1,3
406,4908,1,4
406,4920,1,3
406,5153,1,3
406,5182,1,4
406,5242,1,3
406,5472,1,3
406,5633,1,3
406,5636,1,3
406,5682,1,3
406,5749,2,5
406,5898,1,3
406,6059,2,3
406,6184,1,3
406,6348,1,4
406,6409,1,3
406,6546,1,3
406,6625,1,4
406,6714,1,3
406,7026,2,3
406,7244,1,3
406,7457,1,3
406,7667,1,3
406,7917,1,3
406,7994,1,3
406,8167,1,3
406,8303,1,3
406,8437,1,3
406,8443,1,3
406,8702,1,3
406,8947,1,3
406,9298,2,3
406,9532,1,3
406,10392,1,4
406,10791,1,3
406,11092,2,3
406,11170,1,4
406,11314,1,3
406,11431,1,4
406,11900,1,3
406,12334,1,3
406,12425,1,4
406,12526,1,3
406,13273,1,3
406,13539,1,4
406,14010,1,3
406,14037,1,4
406,14099,1,4
406,14190,1,3
406,14221,1,3
406,14806,1,3
406,15162,1,3
406,15200,1,3
406,15259,1,3
406,15280,1,3
406,15356,1,3
406,15670,1,4
406,15778,1,3
406,15981,1,3
406,16206,1,5
407,4930,1,3
407,6664,1,3
407,7528,1,3
441,1470,1,6
441,13615,1,4
448,2344,2,3
448,9910,1,3
448,13026,1,3
448,13615,1,3
458,2130,1,3
458,5749,1,3
458,11431,1,3
458,15356,1,3
463,11206,1,3
463,15460,1,3
464,13539,1,3
467,2569,1,3
467,4196,1,3
467,6106,1,3
467,6946,1,3
467,9290,1,3
467,13690,1,3
467,15414,1,3
467,15877,1,3
470,4196,1,4
484,1869,1,3
484,2273,1,3
484,3066,1,3
484,3770,1,3
484,3908,1,3
484,3976,1,3
484,4306,1,3
484,4736,1,3
484,4908,1,3
484,6184,1,3
484,6861,1,3
484,6946,1,3
484,7457,1,3
484,8443,1,3
484,10148,1,3
484,10500,1,3
484,10687,1,3
484,11264,1,3
484,12108,1,3
484,12988,1,3
484,15032,1,4
484,16097,1,4
484,16161,1,3
484,16206,1,4
485,2344,2,3
487,13615,1,4
505,2948,1,3
505,13508,1,3
506,696,1,3
506,2146,1,3
506,3488,1,3
506,5470,1,3
506,10398,1,3
506,13615,1,3
555,4177,1,3
555,7275,1,3
555,8045,1,3
555,11797,1,3
555,12131,1,3
555,13149,1,3
555,13615,1,3
555,14380,1,3
555,14480,1,3
555,14900,1,3
555,15743,1,3
555,15833,1,3
559,1772,1,4
559,4217,1,3
559,4476,1,4
559,5121,1,3
559,9055,2,4
559,11900,1,3
559,13721,2,3
559,13787,1,3
559,14270,1,3
559,14775,1,3
575,3790,1,3
594,9648,1,3
594,11404,1,3
594,13721,1,3
604,5709,1,3
604,10159,1,3
604,10584,1,3
622,1511,1,3
622,5861,1,3
622,13615,1,4
626,4363,1,3
626,7837,1,4
626,9621,2,3
633,1572,1,3
639,12223,1,3
660,10102,1,5
662,4470,1,3
662,11206,1,3
662,14651,1,4
678,3036,1,4
678,9000,1,3
688,912,1,4
688,1578,1,3
688,3622,1,3
688,5876,1,3
688,8431,1,4
688,14754,1,3
695,3976,1,3
696,2146,1,3
696,2653,1,3
696,3488,1,3
696,5470,1,3
696,6503,1,3
696,7787,1,3
696,8763,1,3
696,8918,1,4
696,8990,1,3
696,10398,1,3
696,11291,1,3
696,12487,1,3
696,13615,1,3
696,13785,1,3
696,14721,1,3
699,1780,1,4
699,3057,1,3
699,5981,1,3
699,8694,1,3
699,9389,1,3
699,9623,1,3
699,15765,1,3
715,4138,1,3
715,4196,1,4
715,6328,1,3
715,7082,1,3
715,8366,1,4
715,9782,1,3
715,9969,1,3
715,15460,1,3
721,912,1,3
721,15460,1,3
726,13615,1,3
751,1325,1,3
751,5541,1,3
751,7011,1,3
751,8514,1,3
751,9127,1,3
751,13615,1,3
751,14900,1,3
751,15073,1,3
761,5216,1,3
761,6184,1,3
761,13271,1,3
769,14090,1,3
781,1352,1,3
781,5562,1,3
781,7011,1,4
781,10260,1,3
781,11206,1,3
781,12124,1,3
781,12223,1,3
781,13615,1,3
781,15833,1,3
797,912,1,3
797,2101,1,3
797,2201,1,3
797,3222,1,3
797,3928,1,3
797,4196,1,5
797,5609,1,3
797,6641,1,3
797,8366,1,3
797,8918,1,3
797,9015,1,3
797,11900,1,3
797,15460,1,3
805,9621,1,3
809,4720,1,3
809,13042,1,3
809,14067,1,3
809,15765,1,3
821,1237,1,3
821,1685,1,3
821,1934,1,3
821,2031,1,3
821,2569,1,3
821,3066,1,10
821,3265,1,3
821,3770,1,8
821,3976,1,3
821,4020,1,3
821,4037,1,4
821,4177,1,3
821,5216,1,3
821,5436,1,3
821,5722,1,5
821,6106,1,3
821,6279,1,3
821,6286,1,4
821,6546,1,3
821,6625,1,3
821,6946,1,3
821,7244,1,5
821,7328,1,3
821,7457,1,4
821,8331,1,3
821,9513,1,3
821,9945,1,3
821,10791,1,3
821,11042,1,3
821,11277,1,4
821,11314,1,3
821,11682,1,3
821,12125,1,3
821,12520,1,3
821,12988,1,4
821,13247,1,3
821,13377,1,3
821,13445,1,3
821,13539,1,8
821,13768,1,3
821,13969,1,3
821,14757,1,3
821,15051,1,3
821,15162,1,4
821,15172,1,3
821,15200,1,3
821,15807,1,5
821,15888,1,3
824,1434,1,4
824,4044,1,3
824,4061,1,3
824,4463,1,3
824,5875,1,3
824,6915,1,5
824,7874,1,3
824,8796,1,3
824,9310,1,3
824,10102,1,3
824,11821,1,3
824,12108,1,4
824,12223,1,3
824,12437,1,3
824,12690,1,3
824,13419,1,3
824,14314,1,7
824,14480,1,3
831,1293,1,3
831,6229,1,3
831,9826,1,3
831,11005,1,3
831,14445,1,3
831,14764,1,3
831,15416,1,3
843,2530,1,3
843,9415,1,4
843,13655,1,3
843,13981,1,3
843,15773,1,3
856,5749,1,3
856,11900,1,3
872,2442,1,3
872,2530,1,3
872,3630,1,3
872,3770,1,3
872,3908,1,3
872,3976,1,4
872,4020,1,3
872,5182,1,4
872,5636,1,3
872,6625,1,3
872,7457,1,3
872,8443,1,4
872,9521,1,3
872,10148,1,3
872,10392,1,4
872,10791,1,3
872,11042,1,3
872,11264,1,3
872,12425,1,4
872,12526,1,3
872,13273,1,3
872,13539,1,3
872,15200,1,4
872,16206,1,3
873,1467,1,4
873,1853,1,3
873,2274,1,3
873,2417,1,5
873,2741,1,3
873,3224,1,4
873,3367,1,3
873,3917,1,3
873,4002,1,4
873,4424,1,3
873,4948,1,3
873,5098,1,3
873,5459,1,7
873,5943,1,3
873,6502,1,3
873,6646,1,3
873,6716,1,6
873,7028,1,3
873,7296,1,5
873,7365,1,4
873,7961,1,3
873,7964,1,3
873,8138,1,3
873,8179,1,3
873,8366,1,5
873,8514,1,4
873,8990,1,3
873,9415,1,6
873,10315,1,3
873,11206,1,4
873,11900,1,4
873,12171,1,5
873,12668,1,5
873,13188,1,3
873,13282,1,3
873,13615,2,7
873,14068,1,3
873,14874,1,3
873,14900,1,9
873,15378,1,3
873,15460,1,5
874,13615,1,3
874,15026,1,3
890,15652,1,3
912,1050,1,7
912,1292,1,3
912,1422,1,4
912,1578,1,5
912,2101,4,7
912,2201,1,4
912,2211,1,3
912,2253,1,6
912,2344,1,6
912,2391,1,4
912,2985,1,3
912,3006,1,6
912,3197,1,3
912,3208,1,3
912,3222,1,3
912,3235,2,4
912,3264,1,3
912,3364,1,3
912,3622,1,3
912,3698,1,10
912,3792,1,3
912,3928,2,3
912,4138,1,4
912,4196,1,14
912,4205,1,5
912,4611,1,5
912,4777,1,4
912,4809,1,3
912,4920,1,5
912,5222,1,4
912,5849,1,3
912,5868,1,6
912,5876,1,5
912,6061,1,3
912,6102,1,5
912,6114,1,3
912,6295,1,3
912,6328,1,3
912,6360,2,4
912,6658,1,5
912,6711,1,3
912,6715,1,5
912,6919,1,3
912,7082,1,4
912,7115,1,5
912,7406,1,3
912,7418,1,3
912,7757,1,5
912,8366,2,8
912,8431,1,11
912,8439,1,4
912,8496,1,6
912,8592,1,5
912,8612,1,3
912,8779,1,4
912,8918,2,5
912,9412,1,3
912,9511,1,3
912,9623,1,7
912,9737,1,3
912,9969,1,4
912,9982,1,5
912,10348,1,7
912,10364,1,3
912,10435,1,4
912,11431,1,3
912,11902,1,3
912,12067,1,3
912,12308,1,3
912,12425,1,3
912,12468,1,3
912,13443,1,3
912,13931,1,3
912,14223,1,3
912,14258,1,6
912,14460,1,4
912,14487,1,3
912,14535,2,3
912,14745,1,3
912,14754,1,4
912,15111,1,3
912,15204,1,4
912,15378,1,8
912,15446,1,3
912,15460,2,5
912,15579,1,8
912,15714,1,3
912,15784,1,3
912,15801,1,6
912,15877,1,6
912,16038,1,3
912,16186,1,3
912,16206,1,3
914,8694,1,3
914,15765,1,3
923,7993,1,3
923,8486,1,3
923,8587,1,3
923,9621,1,3
933,3819,1,3
933,11206,1,4
933,15776,1,3
947,2828,1,3
947,8246,1,3
947,12223,1,3
947,13403,1,3
947,14864,1,3
962,13615,1,3
973,8648,1,3
981,3291,1,3
1002,8905,1,3
1010,3535,1,3
1021,1258,1,3
1021,3266,1,4
1021,5256,1,3
1021,5994,1,3
1021,7516,1,3
1021,9209,1,3
1021,11296,1,3
1021,11404,1,3
1021,11836,1,3
1021,11900,1,3
1021,13026,1,3
1021,13186,1,3
1021,13721,1,8
1021,15005,1,3
1021,16151,1,5
1032,1075,1,4
1032,5025,1,3
1032,6027,1,4
1032,8918,1,3
1032,9558,1,3
1032,14264,1,3
1050,1325,1,5
1050,1578,2,5
1050,2253,2,5
1050,2344,2,4
1050,5222,1,3
1050,5868,1,3
1050,5876,1,5
1050,6658,2,4
1050,8431,1,3
1050,8439,2,3
1050,10364,2,4
1050,12884,2,3
1050,13026,1,3
1050,13122,1,4
1050,13284,1,3
1050,13343,1,3
1050,13615,1,3
1050,13841,1,3
1050,14754,1,3
1050,15026,1,3
1050,15460,1,4
1050,15579,1,4
1056,2101,1,3
1056,8556,1,3
1056,12425,1,3
1064,1857,1,3
1064,5113,1,3
1064,6570,1,3
1064,9115,1,3
1064,12950,1,5
1075,2264,1,3
1075,3128,1,3
1075,3984,1,3
1075,5724,1,4
1075,6027,1,5
1075,6065,1,3
1075,6269,1,3
1075,6285,1,5
1075,8215,1,3
1075,8355,1,4
1075,9162,1,6
1075,9558,1,3
1075,9737,1,3
1075,10159,1,4
1075,11719,1,4
1075,12484,1,4
1075,12653,1,3
1075,14179,1,3
1083,10204,1,3
1104,4248,1,3
1104,4303,1,3
1104,13615,1,7
1104,15578,1,3
1113,7244,1,3
1113,9526,1,3
1113,11042,1,3
1128,1869,1,3
1128,2508,1,3
1128,2530,1,3
1128,2840,1,3
1128,3066,1,3
1128,3770,1,3
1128,4037,1,4
1128,4306,1,3
1128,4908,1,4
1128,6546,1,3
1128,6625,1,4
1128,6946,1,3
1128,7532,1,3
1128,8429,1,3
1128,8443,1,3
1128,9275,1,3
1128,9945,1,3
1128,11170,1,3
1128,12028,1,4
1128,12739,1,3
1128,13300,1,3
1128,14864,1,3
1128,15162,1,3
1146,11447,1,3
1148,3365,1,3
1184,8779,1,3
1188,1470,1,6
1188,3246,1,3
1188,5276,1,3
1188,7801,1,3
1188,9265,1,4
1188,11390,1,3
1188,12943,1,3
1188,13615,1,5
1205,4037,1,3
1217,1820,1,4
1217,2344,1,3
1217,2459,1,3
1217,2468,1,3
1217,3092,1,4
1217,4342,1,3
1217,9265,1,3
1217,9681,1,3
1217,9910,1,4
1217,10929,1,3
1217,12382,1,3
1217,13699,1,4
1220,7011,1,3
1220,13615,1,3
1237,3770,1,3
1237,5185,1,3
1237,6286,1,4
1237,6792,1,3
1237,8748,1,3
1237,13377,1,3
1237,13539,1,3
1258,5256,1,3
1258,13721,1,3
1261,1629,1,3
1261,1780,1,3
1261,2785,1,3
1261,2822,1,3
1261,7234,1,3
1261,8694,1,5
1261,9197,1,3
1261,15384,1,3
1261,15765,1,4
1261,15839,1,3
1263,6286,1,3
1263,10687,1,3
1263,13764,1,3
1264,2958,1,3
1264,9469,1,3
1275,4920,1,3
1275,6348,1,3
1280,5635,1,3
1280,9609,1,3
1280,12896,1,3
1280,15877,1,3
1284,8943,1,3
1284,9106,1,3
1284,9469,1,3
1284,10963,1,3
1286,2146,1,3
1286,2598,1,3
1286,2653,1,3
1286,4300,1,3
1286,7011,1,3
1286,7275,1,3
1286,8647,1,3
1286,9940,1,3
1286,11406,1,3
1286,11797,1,3
1286,12943,1,3
1286,12950,1,3
1286,13615,1,3
1286,14689,1,3
1286,15833,1,3
1292,2289,1,3
1292,3792,1,3
1292,7759,1,3
1292,8439,1,3
1292,11124,2,3
1292,12334,2,3
1292,12399,1,3
1292,12955,1,3
1296,5646,1,3
1296,7872,1,3
1323,9795,1,3
1323,10159,1,3
1323,12138,1,3
1325,1578,1,3
1325,2253,1,4
1325,2344,2,4
1325,2653,1,4
1325,3276,1,3
1325,3350,1,8
1325,3488,1,3
1325,5234,1,3
1325,5541,1,3
1325,5700,1,3
1325,6658,1,5
1325,7011,1,6
1325,7573,1,4
1325,8366,1,5
1325,8439,1,3
1325,8514,1,3
1325,10364,1,5
1325,11206,1,5
1325,11854,1,3
1325,11925,1,4
1325,12223,1,5
1325,12950,1,3
1325,13122,1,3
1325,13343,1,3
1325,13359,1,3
1325,13615,3,6
1325,14632,1,3
1325,14900,1,4
1325,15166,1,3
1325,15833,1,3
1339,5994,1,3
1339,10815,1,3
1339,11116,1,3
1339,12322,1,3
1339,13149,1,3
1342,4196,1,4
1342,14460,1,3
1352,2274,1,3
1352,2653,1,3
1352,2669,1,3
1352,3819,1,3
1352,5102,1,3
1352,5541,1,3
1352,6258,1,3
1352,7011,1,4
1352,7442,1,3
1352,9497,1,3
1352,10260,1,3
1352,11105,1,3
1352,11206,1,5
1352,12223,1,3
1352,13149,1,3
1352,13356,1,3
1352,14689,1,3
1352,14710,1,3
1352,14900,1,5
1352,15743,1,3
1352,15776,1,3
1352,15833,1,4
1354,7801,1,3
1354,9641,1,3
1355,4044,1,3
1355,12223,1,4
1355,14480,1,3
1357,1986,1,3
1357,2146,1,3
1357,3488,1,3
1357,3607,1,3
1357,5470,1,3
1357,8647,1,3
1357,10398,1,3
1357,10871,1,3
1357,13615,1,3
1357,15833,1,3
1366,8323,1,3
1366,9376,1,3
1366,13721,1,3
1399,1820,1,3
1399,3224,1,3
1399,5247,1,3
1399,5576,2,3
1399,7964,1,3
1399,8366,1,3
1399,8514,1,3
1399,9265,1,4
1399,13615,1,3
1399,15460,1,3
1406,1820,1,3
1406,4342,1,3
1406,4470,1,3
1406,4635,1,4
1406,6714,1,3
1406,14277,1,3
1407,5243,1,3
1407,5633,1,3
1407,6059,1,3
1407,9115,1,3
1407,13117,1,3
1407,14291,1,3
1407,15670,1,4
1410,5689,1,3
1410,6635,1,3
1410,9715,1,3
1410,10001,1,3
1410,10680,1,3
1410,10751,1,3
1414,3535,1,3
1414,5222,1,4
1414,6101,1,4
1414,6289,1,3
1414,8918,1,3
1422,2344,1,4
1422,4205,1,3
1422,5868,1,3
1422,8431,1,3
1422,15460,1,3
1422,15579,1,3
1431,1924,1,3
1431,8183,1,3
1434,1685,1,3
1434,1766,1,3
1434,3066,1,3
1434,3256,1,3
1434,3976,1,3
1434,4020,1,3
1434,4061,1,3
1434,4099,1,3
1434,4463,1,3
1434,5875,1,3
1434,6286,1,3
1434,6602,1,3
1434,6861,2,3
1434,7276,1,3
1434,7281,1,3
1434,7323,2,3
1434,7457,1,3
1434,8331,1,3
1434,8443,1,3
1434,10102,1,3
1434,12032,1,3
1434,12437,1,3
1434,12702,1,3
1434,12770,1,3
1434,13539,1,3
1434,14314,1,3
1434,14416,1,3
1434,14457,1,3
1434,14837,1,3
1434,15414,1,3
1467,2417,1,3
1467,2508,1,3
1467,2530,1,3
1467,2840,1,3
1467,3066,1,3
1467,3770,1,3
1467,3908,1,3
1467,4692,1,3
1467,4908,1,3
1467,6546,1,3
1467,6625,1,3
1467,7804,1,3
1467,8138,1,3
1467,8915,1,3
1467,9275,1,3
1467,9945,1,3
1467,10392,1,3
1467,11277,1,3
1467,12028,1,3
1467,12108,1,3
1467,12171,1,4
1467,12668,1,3
1467,12988,1,3
1467,14043,1,3
1467,14068,1,3
1467,14864,1,3
1470,4019,1,3
1470,5235,1,7
1470,5276,1,7
1470,5454,1,5
1470,7178,1,8
1470,7702,1,3
1470,7801,1,3
1470,9088,1,3
1470,9265,1,7
1470,10089,1,3
1470,10138,1,3
1470,10251,1,3
1470,10844,1,3
1470,11390,1,5
1470,11836,1,4
1470,12943,1,5
1470,13131,1,3
1470,13409,1,3
1470,13615,1,17
1470,14735,1,5
1470,15134,1,3
1470,15186,1,3
1471,4342,1,4
1471,4415,1,3
1478,10364,1,3
1478,11206,1,3
1478,13585,1,3
1482,5994,1,3
1496,5193,1,3
1503,4250,1,3
1503,11900,1,3
1511,2146,1,3
1511,5861,1,3
1511,13615,1,3
1513,1820,1,3
1513,13699,1,3
1521,15756,1,3
1565,7011,1,3
1565,12950,1,3
1572,1712,1,3
1572,4965,1,3
1572,12722,1,3
1572,13787,1,4
1578,1924,1,3
1578,2146,1,3
1578,2253,2,3
1578,2344,2,5
1578,2958,1,3
1578,4228,2,3
1578,5222,1,4
1578,5876,1,3
1578,6328,1,4
1578,6658,2,4
1578,6919,1,3
1578,8431,1,5
1578,9469,1,3
1578,9871,1,3
1578,10364,2,3
1578,10606,1,3
1578,12884,2,3
1578,13122,1,3
1578,13284,1,4
1578,13615,2,6
1578,14754,1,3
1578,15460,1,5
1578,15579,1,3
1628,4037,1,3
1628,5193,1,6
1628,5322,1,4
1628,8065,1,4
1628,9389,1,3
1628,11447,1,4
1628,13615,1,6
1628,15775,1,3
1629,1780,1,3
1629,2822,1,3
1645,2211,1,3
1645,4196,1,3
1645,4777,1,4
1645,4809,1,3
1645,5954,1,3
1645,8366,1,3
1645,11900,1,5
1645,12008,1,3
1645,15460,1,4
1645,16206,1,3
1649,4008,1,3
1649,10001,1,3
1649,11900,1,3
1649,15670,1,3
1685,1766,1,3
1685,1934,1,4
1685,2442,1,3
1685,3066,1,4
1685,3265,1,3
1685,4020,1,3
1685,4908,1,3
1685,5182,1,3
1685,5199,1,3
1685,5722,1,4
1685,6286,1,3
1685,6507,1,3
1685,7244,1,3
1685,7335,1,3
1685,8367,1,3
1685,8877,1,3
1685,10392,1,3
1685,10791,1,3
1685,11165,1,3
1685,12108,1,3
1685,12134,1,3
1685,13539,1,5
1685,14037,1,3
1685,15172,1,3
1685,15200,1,3
1685,15615,1,3
1685,15807,1,4
1693,1780,1,3
1693,15765,1,3
1697,9621,1,3
1698,10315,1,3
1698,12171,1,3
1704,2798,1,3
1704,4908,1,3
1704,15162,1,3
1712,5380,1,3
1718,4476,1,3
1718,4777,1,4
1718,9463,1,3
1718,14270,1,3
1727,4196,1,3
1730,13615,1,3
1738,4363,1,3
1746,12265,1,3
1751,4196,1,3
1751,4777,1,3
1751,4812,1,3
1751,8779,1,3
1751,9247,1,3
1751,9532,1,3
1751,9609,1,3
1751,9969,1,3
1751,10348,1,3
1751,12332,1,3
1751,15460,1,3
1751,15670,1,3
1751,15877,1,3
1751,16206,1,4
1766,1934,1,4
1766,4908,1,3
1766,5185,1,3
1766,6286,1,4
1766,6602,1,3
1766,8748,1,3
1766,11441,1,3
1766,12091,1,3
1766,14416,1,3
1766,16145,1,3
1772,9055,1,4
1772,13690,1,3
1773,9415,1,3
1773,9737,1,3
1775,13539,1,3
1775,15460,1,3
1780,1862,1,3
1780,2609,1,5
1780,2822,1,4
1780,3845,1,4
1780,4720,1,3
1780,5056,1,3
1780,5235,1,7
1780,5981,1,5
1780,6062,1,3
1780,6173,1,3
1780,6244,1,4
1780,6649,1,5
1780,7327,1,3
1780,8271,1,4
1780,8539,1,6
1780,8694,1,7
1780,9197,1,4
1780,9612,1,3
1780,9623,1,8
1780,10924,1,4
1780,11876,1,3
1780,13302,1,3
1780,13811,1,6
1780,14041,1,3
1780,14705,1,3
1780,15384,1,3
1780,15649,1,3
1780,15765,1,11
1780,15883,1,3
1783,6027,1,3
1786,15518,1,3
1792,2530,1,3
1796,6027,1,3
1799,5981,1,3
1799,6649,1,3
1799,10383,2,3
1799,12862,1,3
1799,15416,1,3
1799,15635,1,3
1799,15765,1,3
1820,2344,1,4
1820,2468,1,4
1820,3092,1,4
1820,4342,1,4
1820,5247,1,4
1820,5391,1,3
1820,6352,1,3
1820,9265,1,3
1820,9910,1,4
1820,13092,1,3
1840,15162,1,3
1840,15789,1,3
1853,7296,1,4
1853,9415,1,3
1853,11206,1,3
1853,11900,1,3
1853,15460,1,3
1857,8820,1,4
1857,9115,1,3
1857,12223,1,3
1857,12950,2,3
1862,5235,1,3
1862,14705,1,3
1862,15765,1,5
1862,15839,1,3
1869,2273,1,3
1869,2508,1,3
1869,3770,1,3
1869,3996,1,3
1869,4037,1,3
1869,4306,1,3
1869,7457,1,3
1869,8443,1,3
1869,9290,1,3
1869,10148,1,3
1869,10791,1,3
1869,12028,1,3
1869,12988,1,3
1869,13209,1,3
1869,15414,1,3
1869,16206,1,3
1870,6861,1,3
1911,7171,1,3
1911,7994,1,3
1911,10396,1,3
1914,4037,1,3
1914,8818,1,3
1914,11005,1,3
1914,15416,1,3
1916,3381,1,3
1916,4276,1,3
1916,6291,1,3
1916,7244,1,4
1916,7724,1,3
1916,11900,1,4
1916,13615,1,5
1916,13690,1,3
1916,15568,1,3
1922,3996,1,3
1922,4008,1,4
1922,6348,1,3
1922,6409,1,3
1922,7026,1,3
1922,8702,1,3
1922,11092,1,3
1922,11900,1,3
1924,2344,1,3
1924,4228,1,3
1924,13343,1,3
1924,13539,1,3
1925,6184,1,3
1926,9469,1,3
1928,5622,1,3
1928,6507,1,3
1934,2363,1,4
1934,2592,1,3
1934,2639,1,3
1934,3066,1,4
1934,3117,1,3
1934,3770,1,3
1934,3908,1,4
1934,4502,1,4
1934,4722,1,3
1934,4908,1,5
1934,6184,1,3
1934,6286,1,4
1934,6625,1,3
1934,7244,1,3
1934,7335,1,3
1934,9814,1,3
1934,10687,1,3
1934,11092,1,3
1934,11170,1,3
1934,11314,1,3
1934,11682,1,3
1934,11916,1,3
1934,12526,1,3
1934,13299,1,3
1934,13539,1,5
1934,13572,1,3
1934,14757,1,4
1934,15162,1,3
1934,16125,1,3
1938,10159,1,3
1945,3350,1,3
1945,5541,1,3
1945,7756,1,3
1945,8647,1,3
1945,9392,1,3
1945,11925,1,3
1945,12950,1,3
1945,13615,1,4
1945,14897,1,3
1945,14900,1,3
1945,15152,1,3
1957,2602,1,4
1986,2146,1,4
1986,3350,1,3
1986,3488,1,3
1986,3607,1,3
1986,5470,1,3
1986,8647,1,3
1986,10260,1,3
1986,10398,1,3
1986,10871,1,3
1986,13615,1,3
1986,15833,1,3
1997,13981,1,4
1999,5216,1,3
1999,6861,1,3
1999,15414,1,3
2009,15797,1,3
2010,13615,1,3
2017,4476,1,3
2029,8915,1,3
2029,12108,1,3
2029,15162,1,3
2031,3066,1,3
2031,5722,1,3
2031,13539,1,3
2032,5727,1,4
2032,8578,1,3
2040,3066,1,3
2040,13539,1,3
2055,11786,1,3
2075,12171,1,3
2093,7528,1,3
2093,11003,1,3
2101,2201,1,4
2101,2444,1,3
2101,2530,1,5
2101,3208,1,3
2101,3222,1,4
2101,3235,2,4
2101,3364,1,4
2101,3698,1,7
2101,3928,2,3
2101,4196,1,6
2101,4611,1,3
2101,4777,1,3
2101,4920,1,4
2101,5153,2,3
2101,5954,1,3
2101,6295,1,3
2101,6360,2,3
2101,6641,1,4
2101,6715,1,3
2101,7115,1,3
2101,7418,1,3
2101,7429,1,3
2101,7757,1,4
2101,8366,2,6
2101,8612,1,3
2101,8779,1,3
2101,8918,2,4
2101,9604,2,3
2101,9623,1,3
2101,9982,1,4
2101,11155,1,3
2101,12067,1,3
2101,14258,1,6
2101,15111,1,3
2101,15204,1,3
2101,15460,1,4
2101,15773,1,3
2101,15801,1,4
2101,15877,1,5
2101,16038,1,3
2101,16186,1,3
2101,16206,1,3
2117,11900,1,3
2122,9415,1,3
2122,14223,1,3
2130,10001,1,3
2132,15877,1,3
2146,2598,1,3
2146,2653,2,3
2146,2669,1,3
2146,2958,1,4
2146,3231,1,3
2146,3350,1,5
2146,3488,2,3
2146,3607,1,3
2146,4286,1,3
2146,4300,1,3
2146,4681,1,3
2146,5470,2,3
2146,6261,1,4
2146,6328,1,3
2146,7011,1,3
2146,7135,1,3
2146,7275,1,3
2146,8514,1,3
2146,8603,1,3
2146,8647,1,4
2146,9047,1,3
2146,9940,1,3
2146,10260,1,4
2146,10398,2,3
2146,10606,1,3
2146,10871,1,3
2146,11206,1,3
2146,11406,1,3
2146,11621,1,3
2146,11797,2,3
2146,12943,2,3
2146,12950,1,3
2146,13149,1,3
2146,13615,2,4
2146,14689,1,3
2146,14900,1,3
2146,15833,1,4
2201,3222,1,3
2201,3235,1,3
2201,3928,1,3
2201,6360,1,3
2201,8366,1,3
2201,8918,1,4
2201,14258,1,3
2210,4020,1,3
2210,6861,1,3
2210,7457,1,3
2210,8443,1,3
2210,8748,1,3
2210,9290,1,3
2210,10687,1,3
2210,14457,1,3
2210,15414,1,3
2211,2391,1,3
2211,4196,1,3
2211,4777,1,3
2211,4809,1,4
2211,11900,1,3
2211,15204,1,3
2211,15378,1,3
2248,12334,1,3
2248,14544,1,3
2253,2344,2,6
2253,3006,1,3
2253,3622,1,3
2253,5876,1,5
2253,6328,1,3
2253,6658,3,4
2253,8431,1,3
2253,8439,2,3
2253,10364,2,3
2253,13122,1,3
2253,13343,1,3
2253,15460,1,4
2253,15686,1,4
2254,3066,1,3
2254,11277,1,3
2264,6027,1,3
2264,8355,1,4
2264,9162,1,4
2264,10159,1,3
2264,11384,1,3
2264,12265,1,3
2264,13323,1,3
2268,6715,1,3
2268,11005,1,3
2268,16174,1,3
2272,16244,1,3
2273,3770,1,3
2273,3996,1,3
2273,4037,1,3
2273,4736,1,3
2273,9290,1,3
2273,10791,1,3
2273,13209,1,3
2273,15414,1,3
2274,2417,1,3
2274,2653,1,3
2274,2669,1,3
2274,3350,1,3
2274,3847,1,3
2274,4424,1,3
2274,4750,1,3
2274,5102,1,3
2274,5943,1,3
2274,6434,1,3
2274,6601,1,3
2274,7011,1,5
2274,7565,1,3
2274,7961,1,3
2274,7972,1,4
2274,8514,1,3
2274,8820,1,4
2274,10315,1,3
2274,10884,1,5
2274,11105,1,3
2274,11206,1,3
2274,11406,1,3
2274,11412,1,3
2274,11849,1,3
2274,12171,1,3
2274,12223,1,5
2274,12950,1,4
2274,13015,1,3
2274,13058,1,4
2274,13615,1,5
2274,13651,1,3
2274,14088,1,3
2274,14380,1,3
2274,14480,1,3
2274,14632,1,3
2274,14689,1,4
2274,14900,1,4
2274,15743,1,3
2274,15833,1,3
2277,2530,1,3
2277,11155,1,3
2277,12171,1,4
2277,13658,1,3
2277,14651,1,3
2286,12067,1,3
2289,5749,1,3
2289,8508,1,3
2289,9298,1,3
2289,12334,1,3
2289,12955,1,3
2289,15670,1,3
2306,3054,1,3
2306,4930,1,3
2306,13615,1,4
2344,3102,1,3
2344,3622,1,3
2344,3885,1,3
2344,3920,1,3
2344,4033,1,3
2344,4205,1,3
2344,4228,3,3
2344,4342,1,4
2344,5247,1,5
2344,5868,1,3
2344,5876,1,4
2344,6658,2,5
2344,7644,1,3
2344,8366,1,4
2344,8431,1,4
2344,8439,2,3
2344,9511,1,3
2344,9910,1,3
2344,10364,2,3
2344,11900,1,3
2344,13026,1,3
2344,13092,1,3
2344,13122,1,4
2344,13343,1,4
2344,13615,2,5
2344,13699,1,4
2344,14068,1,3
2344,14754,1,3
2344,14874,1,4
2344,15460,1,5
2355,15765,1,3
2355,15839,1,3
2355,15883,1,3
2363,9683,1,3
2363,13539,1,3
2388,9415,1,3
2391,4196,1,3
2391,4777,1,3
2391,4809,1,3
2391,5954,1,3
2391,7267,1,3
2391,8366,1,3
2391,8592,1,3
2391,10348,1,3
2391,13443,1,3
2391,14460,1,3
2391,15111,1,3
2391,15877,1,3
2404,4061,1,3
2404,4091,1,3
2404,4463,1,3
2404,7426,1,3
2404,10102,1,3
2404,13150,1,3
2409,9450,1,3
2412,2653,1,3
2415,2954,1,3
2415,4642,1,3
2415,4892,1,4
2415,13053,1,6
2415,13547,1,5
2415,13615,1,6
2417,3917,1,3
2417,5098,1,3
2417,5943,1,3
2417,7365,1,3
2417,7961,1,3
2417,7972,1,3
2417,10884,1,3
2417,12171,1,4
2417,12668,1,3
2442,3066,1,3
2442,4020,1,4
2442,5722,1,3
2442,8367,1,3
2442,8443,1,3
2442,8877,1,3
2442,10392,1,3
2442,10791,1,4
2442,11042,1,3
2442,12134,1,3
2442,13539,1,3
2442,15200,1,3
2444,4196,1,3
2444,4777,1,3
2444,8366,1,4
2444,8592,1,3
2444,13443,1,3
2444,14258,1,3
2444,15460,1,3
2444,15877,1,4
2451,3350,1,3
2451,6434,1,3
2451,10966,1,3
2451,13615,1,3
2459,3092,1,3
2459,4470,1,3
2459,9910,1,3
2465,2468,1,3
2465,11900,1,3
2465,15391,1,3
2468,3092,1,3
2468,4342,1,3
2468,9910,1,5
2468,11900,1,3
2468,15391,1,3
2481,6261,1,3
2482,3331,1,3
2482,4196,1,5
2482,7755,1,4
2482,9969,1,3
2482,15363,1,3
2508,3066,1,3
2508,3770,1,3
2508,4306,1,3
2508,6546,1,4
2508,6625,1,4
2508,7244,1,3
2508,7335,1,3
2508,7804,1,3
2508,8915,1,3
2508,11277,1,3
2508,11682,1,3
2508,12028,1,4
2508,12988,1,3
2508,14043,1,3
2508,15615,1,3
2510,11005,1,3
2530,3066,1,5
2530,3222,1,3
2530,3394,1,3
2530,3770,1,3
2530,3908,1,3
2530,3976,1,3
2530,4020,1,3
2530,4053,1,3
2530,4094,1,3
2530,4692,1,3
2530,4908,1,4
2530,5182,1,3
2530,5636,1,3
2530,5722,1,3
2530,6184,1,3
2530,6625,1,4
2530,6641,1,4
2530,6792,1,3
2530,6946,1,3
2530,8443,1,3
2530,8918,1,3
2530,9275,1,4
2530,9415,1,4
2530,9945,1,4
2530,10392,1,4
2530,11151,2,3
2530,11155,2,6
2530,11355,1,3
2530,12028,1,3
2530,12108,1,3
2530,12171,1,5
2530,12425,1,3
2530,12880,1,3
2530,13539,1,3
2530,13981,1,6
2530,14037,1,4
2530,14118,1,4
2530,14651,1,5
2530,15162,1,3
2530,15773,2,4
2530,15801,1,4
2530,16161,1,3
2530,16206,1,4
2542,9469,1,3
2543,5299,1,3
2543,15833,1,3
2544,5472,1,3
2544,9298,2,3
2544,13539,1,3
2569,3066,1,5
2569,3256,1,3
2569,4020,1,4
2569,5216,1,3
2569,5722,1,3
2569,6106,1,3
2569,6286,1,3
2569,6887,1,3
2569,7457,1,3
2569,8915,1,3
2569,9275,1,3
2569,9945,1,3
2569,10392,1,3
2569,10687,1,4
2569,12108,1,4
2569,12520,1,3
2569,13539,1,5
2569,15147,1,3
2569,15162,1,3
2569,16145,1,3
2586,3600,1,3
2586,4344,1,3
2586,5435,1,3
2586,5981,1,3
2586,6715,1,3
2586,7600,1,3
2586,8694,1,3
2586,9197,1,3
2586,9389,1,3
2586,11005,1,3
2586,11286,1,3
2586,12854,1,3
2586,12862,1,3
2586,15416,1,4
2586,15635,1,3
2586,15649,1,3
2586,15765,1,5
2586,15883,1,3
2592,2639,2,3
2592,4722,1,3
2592,5672,2,3
2592,8723,1,3
2595,12950,1,3
2598,2653,1,4
2598,3350,1,5
2598,3384,1,3
2598,3968,1,3
2598,4300,1,3
2598,4777,1,4
2598,5387,1,3
2598,5541,1,3
2598,6434,1,3
2598,7011,1,5
2598,7178,1,4
2598,7275,1,4
2598,7620,1,3
2598,8467,1,3
2598,8514,1,3
2598,8619,1,3
2598,8647,1,5
2598,9940,1,5
2598,10966,1,3
2598,10997,1,3
2598,11206,1,3
2598,11406,1,3
2598,11621,1,3
2598,11797,1,4
2598,11900,1,4
2598,11925,1,3
2598,12223,1,4
2598,12487,1,3
2598,12733,1,4
2598,12833,1,4
2598,12943,1,3
2598,12950,1,3
2598,13615,1,4
2598,13784,1,3
2598,14102,1,3
2598,14689,1,3
2598,14710,1,3
2598,14721,1,4
2598,15502,1,3
2598,15788,1,3
2598,15833,1,3
2609,6244,1,4
2609,8539,1,3
2609,8694,1,6
2609,9197,1,3
2609,9612,1,3
2609,9623,1,5
2609,15357,1,3
2609,15384,1,4
2609,15649,1,3
2609,15765,1,4
2620,7193,1,3
2620,9734,1,3
2620,9933,1,3
2639,3066,1,4
2639,3370,1,3
2639,3489,1,3
2639,3908,1,4
2639,3976,1,3
2639,4051,1,3
2639,4722,1,3
2639,4908,1,3
2639,5216,1,3
2639,5242,1,4
2639,5672,1,3
2639,6546,1,3
2639,6570,1,3
2639,6625,1,3
2639,7244,1,3
2639,7457,1,3
2639,8723,1,3
2639,9521,1,3
2639,9945,1,4
2639,10687,1,4
2639,10791,1,3
2639,11124,1,3
2639,11264,1,3
2639,12010,1,3
2639,12032,1,3
2639,12108,1,4
2639,12988,1,3
2639,13503,1,3
2639,13539,1,4
2639,14099,1,3
2639,15162,1,3
2639,15200,1,3
2639,15214,1,3
2639,15859,1,3
2639,16206,1,3
2641,3350,1,3
2653,3276,1,3
2653,3350,1,4
2653,3424,1,3
2653,3819,1,4
2653,4286,1,4
2653,4300,1,3
2653,4681,1,3
2653,5102,1,4
2653,5234,1,3
2653,5387,1,3
2653,5470,2,3
2653,5541,1,3
2653,5562,1,4
2653,6261,1,3
2653,6434,1,3
2653,6503,1,3
2653,6658,1,3
2653,7011,1,7
2653,7135,1,4
2653,7275,1,4
2653,7620,1,3
2653,7787,1,3
2653,8039,1,3
2653,8465,1,3
2653,8514,1,4
2653,8647,1,3
2653,8883,1,3
2653,8990,1,3
2653,9047,1,3
2653,9940,1,4
2653,11105,1,3
2653,11206,1,5
2653,11291,1,3
2653,11336,1,3
2653,11406,1,3
2653,11621,1,4
2653,11797,2,3
2653,11925,1,4
2653,12131,1,3
2653,12223,1,5
2653,12487,2,3
2653,12943,2,3
2653,12950,1,4
2653,13615,2,5
2653,13785,1,3
2653,14632,1,3
2653,14689,1,5
2653,14721,2,3
2653,14900,1,5
2653,15166,1,3
2653,15743,1,3
2653,15833,1,4
2669,3350,1,4
2669,7011,1,3
2669,8514,1,3
2669,9497,1,3
2669,11121,1,3
2669,11206,1,3
2669,11406,1,3
2669,11412,1,3
2669,13149,1,4
2669,13615,1,3
2669,14088,1,3
2669,14565,1,3
2669,14689,1,3
2669,14710,1,3
2669,15833,1,3
2697,4196,1,3
2697,5204,1,3
2697,8366,1,4
2697,14258,1,3
2697,15460,1,3
2718,4476,1,3
2718,5121,1,3
2718,14270,1,3
2723,4635,1,3
2732,5387,1,3
2732,7011,1,3
2732,15833,1,3
2733,3908,1,3
2733,4908,1,3
2733,15162,1,3
2733,15200,1,3
2733,16161,1,3
2741,9415,1,4
2741,12898,2,4
2741,13615,1,3
2741,15378,1,3
2757,9134,1,3
2785,8694,1,3
2785,15765,1,3
2798,3066,1,4
2798,4908,1,3
2798,6625,1,3
2798,15162,1,4
2803,4965,1,3
2822,3845,1,3
2822,8271,1,3
2822,8694,1,3
2822,9623,1,4
2822,15765,1,4
2828,3489,1,3
2828,4357,1,3
2828,6887,1,3
2828,6915,1,3
2828,7323,1,3
2828,11211,1,3
2828,12108,1,4
2828,13481,2,3
2828,14864,1,4
2828,15169,1,3
2840,4908,1,3
2840,6625,1,3
2840,9275,1,3
2840,15162,1,3
2856,15384,1,3
2856,15765,1,4
2858,4345,1,3
2858,10188,1,3
2865,14099,1,3
2887,6102,1,4
2887,13220,1,3
2887,14651,1,3
2928,13221,1,3
2929,5347,1,3
2929,5749,1,3
2929,8734,1,3
2929,9115,1,3
2929,9715,1,3
2929,12896,2,3
2938,12173,1,3
2938,15096,1,3
2946,4891,1,3
2946,9737,1,3
2948,13508,1,3
2954,4892,1,3
2954,13053,1,3
2954,13547,1,3
2954,13615,1,3
2958,3231,1,3
2958,7527,1,3
2958,9106,1,3
2958,9189,1,3
2958,9469,1,4
2958,10606,1,4
2958,15455,1,3
2985,6102,1,3
3006,3563,1,3
3006,4205,1,3
3006,5222,1,4
3006,5876,1,3
3006,8431,1,3
3006,8496,1,3
3006,15460,1,7
3036,4968,1,3
3036,7528,1,3
3036,9000,1,3
3036,13615,1,3
3036,15284,1,3
3036,16206,1,4
3054,4930,1,3
3054,13091,1,3
3054,16206,1,3
3057,8271,1,3
3057,8694,1,4
3057,15384,1,3
3057,15765,1,3
3057,15883,1,3
3066,3256,1,3
3066,3265,1,3
3066,3489,1,3
3066,3770,1,6
3066,3908,1,4
3066,3976,1,4
3066,4020,1,4
3066,4177,1,3
3066,4908,1,4
3066,5046,1,3
3066,5101,1,3
3066,5199,1,3
3066,5216,1,5
3066,5242,1,3
3066,5436,1,4
3066,5722,1,6
3066,6106,1,3
3066,6184,1,4
3066,6279,1,3
3066,6286,1,4
3066,6546,1,6
3066,6625,1,5
3066,6792,1,4
3066,6804,1,3
3066,6861,1,3
3066,7244,1,6
3066,7323,1,4
3066,7328,1,3
3066,7446,1,3
3066,7457,1,4
3066,7750,1,3
3066,7967,1,3
3066,8167,1,3
3066,8367,1,3
3066,8428,1,3
3066,8443,1,3
3066,8811,1,3
3066,8877,1,3
3066,8915,1,3
3066,9275,1,3
3066,9513,1,3
3066,9521,1,3
3066,9945,1,6
3066,10009,1,3
3066,10043,1,3
3066,10392,1,3
3066,10543,1,4
3066,10687,1,6
3066,10791,1,4
3066,11264,1,3
3066,11277,1,5
3066,11314,1,4
3066,11682,1,3
3066,12028,1,4
3066,12032,1,5
3066,12108,1,5
3066,12125,1,3
3066,12134,1,4
3066,12520,1,3
3066,12880,1,3
3066,12988,1,3
3066,13247,1,3
3066,13445,1,3
3066,13538,1,3
3066,13539,1,10
3066,13756,1,3
3066,14037,1,4
3066,14864,1,3
3066,14996,1,3
3066,15162,1,5
3066,15172,1,3
3066,15200,1,4
3066,15253,1,4
3066,15259,1,4
3066,15414,1,3
3066,15615,1,3
3066,15807,1,5
3066,15859,1,4
3066,15888,1,3
3066,16145,1,3
3066,16206,1,3
3092,4342,1,3
3092,7964,1,3
3092,8366,1,5
3092,8514,1,3
3092,9910,1,3
3092,11206,1,4
3092,14900,1,3
3092,15460,1,3
3102,8366,1,3
3108,8501,1,3
3108,12368,1,3
3112,5242,1,3
3128,6285,1,3
3179,13615,1,3
3195,7718,1,3
3197,3329,1,4
3197,4196,1,3
3208,7757,1,3
3222,3928,1,3
3222,6641,2,3
3222,8918,2,3
3222,9604,1,3
3222,15773,1,3
3224,4948,1,3
3224,7964,1,3
3224,8366,1,4
3224,8514,1,3
3224,9415,1,4
3224,11206,1,4
3224,11900,1,3
3224,13615,1,5
3224,14786,1,3
3224,14900,1,4
3224,15460,1,3
3231,6328,1,3
3231,8943,1,3
3231,9106,1,3
3231,9469,1,3
3231,10606,1,4
3231,14243,1,3
3235,3698,1,4
3235,4196,1,4
3235,4920,1,3
3235,7115,1,3
3235,7418,1,3
3235,8366,2,3
3235,8779,1,3
3235,8918,2,3
3235,15204,1,3
3235,15877,1,4
3235,16038,1,3
3240,4020,1,3
3240,7457,1,3
3240,8367,1,3
3240,8443,1,3
3240,10791,1,3
3240,12125,1,3
3240,12960,1,3
3240,14457,1,3
3240,15259,1,3
3256,5216,1,3
3256,6106,1,3
3256,6546,1,3
3256,6861,1,3
3256,6946,1,4
3256,9521,1,3
3256,9945,1,3
3256,10174,1,3
3256,12108,1,3
3256,13539,1,3
3256,14090,1,3
3256,15414,1,3
3256,16145,1,3
3264,4196,1,3
3264,8366,1,4
3264,8592,1,3
3264,14706,1,3
3264,15378,1,3
3264,15877,1,4
3265,5722,1,3
3265,7244,1,3
3265,13539,1,3
3265,15172,1,3
3265,15807,1,3
3266,13721,1,3
3276,3350,1,6
3276,3819,1,5
3276,3968,1,3
3276,5102,1,3
3276,5562,1,4
3276,6434,1,3
3276,7011,1,5
3276,8514,1,3
3276,8647,1,3
3276,11206,1,5
3276,11621,1,4
3276,11925,1,3
3276,12131,1,3
3276,12223,1,3
3276,12943,1,4
3276,12950,1,3
3276,13149,1,3
3276,13615,1,4
3276,14227,1,3
3276,14632,1,4
3276,14710,1,3
3276,14900,1,3
3276,15417,1,3
3276,15492,1,3
3276,15776,1,4
3276,15833,1,5
3281,12334,1,3
3291,4363,1,3
3291,4891,1,3
3291,8587,1,3
3291,8703,2,3
3291,9438,1,3
3291,9450,1,3
3291,9737,2,4
3291,10103,1,3
3291,14374,1,3
3291,14729,1,3
3291,15081,1,3
3291,15380,1,4
3323,15670,1,3
3329,4680,1,3
3329,5247,1,6
3329,9415,1,7
3331,4196,1,4
3331,7115,1,3
3331,7755,1,3
3331,8366,1,3
3331,9969,1,3
3331,13411,1,3
3350,3488,1,3
3350,3819,1,3
3350,3968,1,3
3350,4294,1,3
3350,4746,1,3
3350,5102,1,4
3350,5234,1,3
3350,5541,1,4
3350,5562,1,3
3350,5700,1,3
3350,6434,1,3
3350,7011,1,6
3350,7275,1,3
3350,7573,1,4
3350,8514,1,3
3350,8603,1,3
3350,8647,1,5
3350,9392,1,3
3350,9469,1,4
3350,9560,1,3
3350,9940,1,3
3350,10175,1,3
3350,10260,1,4
3350,10966,1,4
3350,11206,1,7
3350,11406,1,3
3350,11412,1,3
3350,11617,1,3
3350,11621,1,6
3350,11925,1,4
3350,12223,1,6
3350,12833,1,4
3350,12943,1,3
3350,12950,1,3
3350,13149,1,3
3350,13615,1,7
3350,14243,1,3
3350,14632,1,3
3350,14689,1,3
3350,14710,1,4
3350,14900,1,5
3350,15417,1,3
3350,15492,1,3
3350,15776,1,5
3350,15833,1,5
3367,4002,1,4
3367,7028,1,4
3367,7964,1,4
3367,8366,1,3
3367,9415,1,4
3367,13615,1,3
3367,15460,1,5
3370,3908,1,3
3370,6625,1,3
3370,16206,1,3
3378,12750,1,3
3381,6102,1,3
3381,7244,1,4
3381,8918,1,3
3381,11900,1,3
3381,13615,1,3
3381,14651,1,3
3384,14721,1,3
3392,10159,1,3
3394,15801,1,3
3424,3819,1,3
3424,5102,1,3
3424,12223,1,3
3457,11343,1,3
3488,3607,1,3
3488,4994,1,3
3488,5470,2,3
3488,5700,1,3
3488,6261,1,3
3488,7011,1,3
3488,7573,1,3
3488,8647,1,3
3488,9047,1,3
3488,10398,2,3
3488,10871,1,3
3488,11206,1,3
3488,13359,1,3
3488,13615,2,4
3488,15417,1,3
3488,15833,1,4
3489,5216,1,3
3489,5242,1,3
3489,6887,2,3
3489,6915,1,4
3489,9945,1,3
3489,11314,1,3
3489,11441,1,3
3489,12108,2,4
3489,12223,1,3
3489,12437,1,3
3489,14480,1,3
3489,15162,1,4
3489,15200,1,3
3489,15859,1,3
3511,6413,1,3
3515,11206,1,3
3515,15460,1,3
3521,13615,1,3
3535,5222,1,4
3535,6101,1,4
3535,6289,1,3
3535,8918,1,5
3535,12007,1,5
3541,5539,1,3
3551,6434,1,3
3551,7011,1,3
3551,12131,2,3
3551,12223,1,3
3551,12950,1,3
3551,13449,1,3
3551,13615,2,3
3551,14480,1,3
3569,4210,1,3
3569,13615,2,4
3600,4223,1,3
3600,4344,1,4
3600,4611,1,3
3600,5981,1,3
3600,9151,1,4
3600,9389,1,3
3600,9612,1,4
3600,9623,2,4
3600,10392,1,3
3600,10539,1,3
3600,11195,1,3
3600,12399,1,3
3600,12425,1,3
3600,13931,1,3
3600,14705,1,3
3600,15384,1,3
3600,15649,1,3
3600,15765,1,6
3601,12334,1,3
3601,12399,1,3
3601,13931,1,3
3601,13934,1,3
3607,5470,1,3
3607,8647,1,3
3607,10398,1,3
3607,10871,1,3
3607,13615,1,3
3607,15833,1,3
3618,15788,1,3
3622,5868,1,3
3622,5876,1,3
3622,8431,1,3
3622,8496,1,3
3622,15579,1,3
3630,3976,1,3
3630,5182,1,3
3630,10392,2,3
3630,12526,1,3
3647,8039,1,4
3647,9469,1,4
3647,12849,1,4
3647,15123,1,4
3698,4920,1,6
3698,6360,1,3
3698,8366,1,6
3698,8918,1,5
3698,9205,1,3
3698,9903,1,3
3698,14487,1,5
3707,7011,1,3
3707,11206,1,3
3737,8905,1,3
3748,10399,1,3
3770,3908,1,3
3770,3976,1,3
3770,4020,1,3
3770,4037,1,3
3770,4306,1,3
3770,5182,1,3
3770,5256,1,3
3770,5722,1,4
3770,6286,1,3
3770,6625,1,3
3770,6946,1,3
3770,7026,1,3
3770,7244,1,3
3770,7457,1,4
3770,8443,1,3
3770,8915,1,3
3770,9290,1,4
3770,9526,1,3
3770,10392,1,3
3770,10791,1,3
3770,11277,1,3
3770,11916,1,3
3770,12028,1,3
3770,12032,1,3
3770,12125,1,3
3770,12425,1,3
3770,12526,1,3
3770,12988,1,3
3770,13247,1,3
3770,13273,1,3
3770,13300,1,3
3770,13377,1,3
3770,13539,1,5
3770,14837,1,3
3770,14864,1,3
3770,15032,1,3
3770,15051,1,4
3770,15162,1,3
3770,15200,1,3
3770,15414,1,3
3770,15807,1,3
3770,16097,1,3
3770,16206,1,3
3790,14394,1,3
3792,5876,1,3
3792,7655,1,3
3792,8431,1,3
3792,8439,2,4
3819,4750,1,3
3819,5102,1,3
3819,5155,1,3
3819,5541,1,4
3819,5562,1,4
3819,7011,1,7
3819,7049,1,3
3819,7416,1,3
3819,7565,1,3
3819,7849,1,3
3819,8214,1,3
3819,8514,1,3
3819,10584,1,3
3819,11206,1,5
3819,11621,1,3
3819,11849,1,3
3819,11925,1,4
3819,12131,1,3
3819,12143,1,3
3819,12223,1,3
3819,12718,1,3
3819,13356,1,3
3819,13615,1,4
3819,14632,1,3
3819,14689,1,3
3819,14710,1,3
3819,14900,1,4
3819,15166,1,3
3819,15492,1,3
3819,15833,1,3
3845,5601,1,3
3845,8694,1,3
3845,9623,1,3
3845,15765,1,5
3847,7011,1,4
3847,8514,1,3
3847,11206,1,3
3847,11797,1,3
3847,12950,1,3
3847,14380,1,3
3847,15743,1,3
3847,15776,1,3
3886,9532,1,3
3886,15756,1,3
3895,5470,1,3
3895,7011,1,3
3895,13615,1,3
3908,4502,1,3
3908,4908,1,4
3908,6570,1,3
3908,6625,1,3
3908,9521,1,4
3908,9945,1,3
3908,10687,1,3
3908,12425,1,3
3908,13539,1,5
3908,14141,1,3
3908,15032,1,3
3908,15162,1,4
3908,15200,1,3
3908,15789,1,3
3908,16097,1,3
3908,16145,1,3
3908,16161,1,3
3908,16206,1,3
3909,4275,1,3
3909,4306,2,3
3909,5256,2,3
3909,10657,2,3
3909,13978,2,3
3917,5098,1,3
3917,7961,1,4
3917,7972,1,3
3917,10315,1,5
3917,10884,1,3
3917,12668,1,3
3920,5247,1,3
3928,8918,1,3
3936,5876,1,3
3943,11900,1,3
3955,5310,1,3
3955,12977,1,3
3968,5562,1,3
3968,6434,1,3
3968,7011,1,3
3968,8514,1,3
3968,8647,1,4
3968,10966,1,3
3968,11621,1,3
3968,12131,1,3
3968,12943,1,3
3968,12950,1,3
3968,13615,1,3
3968,14102,1,3
3976,5182,1,4
3976,5242,1,3
3976,5636,1,3
3976,6546,1,3
3976,6625,1,3
3976,7323,1,3
3976,7457,1,3
3976,8203,1,3
3976,8443,1,3
3976,9298,1,3
3976,9521,1,3
3976,9945,1,3
3976,10392,1,4
3976,11264,1,3
3976,12032,1,3
3976,12108,1,3
3976,12425,1,3
3976,12526,1,3
3976,13273,1,3
3976,13503,1,3
3976,13539,1,4
3976,15200,1,3
3976,15253,1,3
3976,16206,1,3
3984,6285,1,3
3984,9162,1,3
3994,5233,1,4
3994,8554,1,3
3994,12896,1,3
3996,4008,1,3
3996,4037,1,3
3996,7026,2,3
3996,9290,1,3
3996,10687,1,3
3996,10791,1,4
3996,11900,1,3
3996,11916,1,3
3996,12241,1,3
3996,13209,1,3
3996,15414,1,3
3996,15789,1,3
3996,16206,1,3
4002,7028,1,4
4002,7296,1,3
4002,7964,1,3
4002,9415,1,6
4002,13615,1,4
4002,14747,1,3
4002,14900,1,3
4002,15460,1,3
4008,4502,1,3
4008,4844,1,3
4008,5682,1,3
4008,8702,1,4
4008,9115,1,3
4008,9715,1,3
4008,10001,1,3
4008,10751,1,3
4008,11900,1,4
4008,12241,1,3
4008,12950,1,3
4008,14544,1,3
4008,15670,1,4
4008,15778,1,4
4020,4037,1,3
4020,4099,1,3
4020,5216,1,3
4020,5722,1,3
4020,6286,1,5
4020,6355,1,3
4020,6570,1,3
4020,6792,1,3
4020,6861,1,3
4020,6887,1,4
4020,7244,1,3
4020,7281,1,3
4020,7323,1,3
4020,7457,1,5
4020,8331,1,3
4020,8367,1,4
4020,8443,1,6
4020,8748,1,3
4020,8877,1,4
4020,8915,1,3
4020,9275,1,3
4020,9290,1,3
4020,9945,1,3
4020,10043,1,3
4020,10148,1,3
4020,10392,1,4
4020,10687,1,4
4020,10791,1,5
4020,11042,1,3
4020,12125,1,3
4020,12134,1,3
4020,12702,1,3
4020,12770,1,3
4020,12880,1,3
4020,12960,1,3
4020,13539,1,5
4020,14457,1,4
4020,14837,1,3
4020,15172,1,3
4020,15200,1,3
4020,15253,1,3
4020,15259,1,3
4020,15414,1,3
4020,16145,1,4
4021,5193,1,3
4033,14068,1,3
4037,4275,1,3
4037,4879,1,3
4037,5320,1,3
4037,5519,1,3
4037,6792,1,3
4037,6946,1,3
4037,7532,1,3
4037,8443,1,3
4037,8986,1,3
4037,9290,1,3
4037,9415,1,3
4037,10399,1,3
4037,10543,1,3
4037,10791,1,3
4037,10793,1,3
4037,11447,1,3
4037,12028,1,3
4037,12125,1,3
4037,12988,1,3
4037,13209,1,3
4037,13300,1,3
4037,14370,1,3
4037,14610,1,3
4037,14864,3,4
4037,15051,1,3
4037,15414,2,3
4044,8796,1,3
4044,12223,1,4
4044,12437,1,3
4044,14314,1,3
4044,14480,1,3
4048,5727,1,3
4051,8771,1,3
4051,14099,2,3
4053,11155,2,3
4061,4091,1,3
4061,4463,1,3
4061,6861,1,3
4061,7276,1,3
4061,7323,1,3
4061,7426,1,3
4061,10102,1,4
4061,12108,1,3
4061,12437,1,3
4061,12866,1,3
4061,14314,1,3
4067,5539,1,3
4067,11447,1,3
4067,12032,1,3
4076,9875,1,3
4077,6658,1,4
4077,13449,1,3
4077,13615,1,5
4091,4463,1,3
4091,7426,1,3
4091,10102,1,3
4094,11155,1,3
4094,12265,1,3
4099,7281,1,3
4099,7457,1,3
4099,8331,1,3
4099,8443,1,3
4099,12702,1,3
4099,12770,1,3
4099,14457,1,3
4099,14837,1,3
4138,4196,1,3
4138,5954,1,4
4138,6641,1,3
4138,8366,1,5
4138,11963,1,4
4138,15111,1,3
4138,15378,1,3
4138,15460,1,5
4148,4363,1,3
4148,12368,1,3
4159,15378,1,3
4166,4196,1,3
4166,7115,1,3
4166,14223,1,3
4166,14258,1,3
4169,8366,1,3
4177,7244,1,3
4177,7275,1,3
4177,11797,1,3
4177,12988,1,3
4177,13149,1,3
4177,14380,1,3
4177,14900,1,3
4177,15743,1,3
4196,4322,1,3
4196,4732,1,4
4196,4777,1,6
4196,4809,1,3
4196,5153,1,3
4196,5435,1,3
4196,5635,1,3
4196,5954,1,3
4196,6211,1,4
4196,6328,1,3
4196,6360,1,3
4196,6641,1,3
4196,6810,1,3
4196,7082,1,6
4196,7115,1,8
4196,7267,1,3
4196,7418,1,5
4196,7755,1,4
4196,8366,1,10
4196,8592,1,5
4196,8779,1,4
4196,8918,1,4
4196,8922,1,3
4196,9015,1,3
4196,9089,1,3
4196,9969,1,6
4196,9982,1,6
4196,10348,1,8
4196,11617,1,3
4196,11900,1,7
4196,12584,1,3
4196,13411,1,5
4196,13443,1,4
4196,13690,1,4
4196,14223,1,3
4196,14258,1,5
4196,14460,1,6
4196,15204,1,4
4196,15363,1,3
4196,15378,1,9
4196,15446,1,3
4196,15460,1,8
4196,15666,1,3
4196,15714,1,4
4196,15801,1,4
4196,15877,1,8
4196,16038,1,4
4196,16206,1,6
4205,5222,1,3
4205,5868,1,3
4205,6502,1,3
4205,6604,1,3
4205,6658,1,3
4205,7964,1,3
4205,8366,1,5
4205,8431,1,3
4205,9415,1,5
4205,11206,2,3
4205,12390,1,3
4205,12395,1,3
4205,13188,1,3
4205,13615,1,3
4205,13770,1,3
4205,14651,2,4
4205,14747,1,3
4205,14900,1,4
4205,15460,3,5
4205,15682,1,3
4210,13615,1,5
4217,4476,1,3
4217,7795,1,3
4217,9055,1,3
4217,9376,1,3
4217,13721,1,3
4218,13721,1,3
4223,9151,1,3
4223,9612,1,3
4223,9623,1,3
4223,15765,1,3
4228,8431,1,3
4228,15460,1,3
4248,13615,1,3
4269,4432,1,3
4269,5193,1,3
4269,5925,1,3
4269,7541,1,3
4269,8065,1,4
4269,9044,1,4
4269,9045,1,3
4269,10399,1,3
4269,10602,1,4
4269,11030,1,3
4269,11037,1,3
4269,11447,1,4
4269,12675,1,4
4269,12728,1,4
4269,13615,1,3
4269,14430,1,3
4269,14984,1,3
4269,15333,1,5
4269,15414,1,3
4269,15775,1,3
4269,16008,1,4
4270,4908,1,3
4270,6286,1,3
4270,6946,1,3
4275,4306,1,3
4275,4879,1,3
4275,5256,1,3
4275,10657,1,3
4275,12753,1,3
4275,13978,1,3
4275,14370,1,3
4276,6291,1,3
4276,7244,1,3
4276,13615,1,3
4286,4681,1,3
4286,7135,1,3
4286,9047,1,3
4286,11797,1,3
4286,12943,1,3
4286,13615,1,4
4294,4750,1,3
4294,7011,1,3
4294,7442,1,3
4294,12223,1,3
4294,13615,1,3
4300,7011,1,3
4300,7275,1,3
4300,8647,1,3
4300,9940,1,3
4300,11406,1,3
4300,11797,1,3
4300,12943,1,3
4300,12950,1,3
4300,13615,1,3
4300,14689,1,3
4300,15833,1,3
4303,13615,1,3
4306,5256,2,3
4306,5780,1,3
4306,6664,1,3
4306,7528,1,4
4306,8065,1,3
4306,10657,2,3
4306,11003,1,3
4306,11447,1,3
4306,12028,1,3
4306,13978,2,3
4306,15032,1,3
4306,15333,1,3
4306,16008,1,3
4306,16097,2,3
4306,16161,1,3
4306,16206,2,3
4322,9982,1,3
4342,4415,1,3
4342,5247,1,4
4342,7644,1,3
4342,7872,1,3
4342,9720,1,3
4342,9910,1,3
4342,10929,1,3
4342,11900,1,3
4344,4852,1,3
4344,7556,1,3
4344,8259,1,3
4344,8694,1,3
4344,9389,1,3
4344,9612,1,3
4344,9623,1,3
4344,15649,1,4
4344,15765,1,3
4345,10188,1,4
4357,11447,1,3
4357,12032,1,3
4357,14370,1,3
4357,14864,2,3
4357,15414,1,3
4358,4777,1,3
4358,7178,1,3
4358,8539,1,3
4358,11900,2,3
4358,15502,1,3
4363,4891,1,4
4363,5155,1,3
4363,7722,1,3
4363,8587,1,3
4363,8990,1,4
4363,9621,1,3
4363,12051,1,3
4363,12368,1,4
4363,15380,1,4
4370,8431,1,3
4376,12733,1,3
4379,13615,1,3
4380,11900,1,3
4415,6402,1,3
4415,11206,1,3
4415,15460,1,4
4432,9389,1,3
4432,10399,1,3
4432,10602,1,4
4432,11030,1,3
4432,11447,1,3
4432,12728,1,3
4432,15201,1,3
4432,15414,1,3
4432,15775,1,3
4432,16008,1,3
4451,7516,1,3
4451,11404,1,3
4451,13732,1,3
4463,5875,1,3
4463,6861,1,3
4463,7426,1,3
4463,10102,1,3
4463,14314,1,3
4463,16004,1,3
4470,11206,1,3
4470,14651,1,3
4470,15460,1,3
4472,15670,1,3
4476,4777,1,3
4476,5121,1,4
4476,5243,1,3
4476,9055,1,4
4476,13696,1,3
4476,13721,1,3
4476,14270,1,4
4476,14291,1,3
4476,14775,1,3
4476,15317,1,3
4502,6071,1,3
4502,11441,1,3
4502,12091,1,3
4502,12108,1,3
4502,12334,1,3
4502,12665,1,3
4502,13539,1,3
4502,15789,1,4
4504,9982,1,3
4508,5193,1,3
4508,5256,1,3
4508,6520,1,3
4508,8065,1,3
4508,8501,1,3
4508,10399,1,4
4508,13615,1,3
4508,15333,1,3
4528,5470,1,3
4528,7011,1,3
4528,13359,1,3
4528,13615,1,3
4570,8911,1,3
4570,13615,1,3
4570,14900,1,3
4611,6114,1,3
4611,6295,1,3
4611,9623,1,5
4611,11431,1,3
4635,6059,1,3
4635,6311,1,3
4635,6714,1,3
4635,8437,1,3
4635,10615,1,3
4635,11206,1,3
4635,12665,1,3
4635,14277,1,4
4635,14806,1,3
4635,15460,1,5
4642,13053,1,3
4642,13547,1,3
4642,13615,1,6
4668,10299,1,3
4680,5247,1,3
4680,9415,1,3
4681,5470,1,3
4681,7135,1,3
4681,8990,1,3
4681,9047,1,3
4681,11291,1,3
4681,11797,1,3
4681,12487,1,3
4681,12943,1,3
4681,13615,1,4
4681,14219,1,4
4692,9275,1,3
4692,9945,1,3
4692,10392,1,3
4692,12108,1,3
4720,5235,1,4
4720,5981,1,4
4720,6649,1,5
4720,7234,1,3
4720,8271,1,3
4720,8407,1,3
4720,8539,1,3
4720,8694,1,3
4720,9151,1,3
4720,9612,1,5
4720,9623,1,4
4720,12862,1,3
4720,12896,1,3
4720,13042,1,5
4720,13520,1,3
4720,13811,1,3
4720,14067,1,4
4720,15765,1,8
4720,15883,1,3
4732,11900,1,4
4732,12008,1,3
4732,15378,1,3
4732,15460,1,3
4746,5541,1,3
4746,7011,1,3
4746,12223,1,3
4746,13615,1,3
4750,5470,1,3
4750,7011,1,4
4750,8820,1,3
4750,11105,1,3
4750,11206,1,3
4750,12223,1,3
4750,13615,1,3
4750,14632,1,3
4777,4809,1,3
4777,5410,1,3
4777,5727,1,7
4777,5954,1,4
4777,7099,1,3
4777,7178,1,3
4777,7267,1,3
4777,7864,1,3
4777,8366,1,5
4777,8578,1,4
4777,8779,1,3
4777,9134,1,3
4777,9247,1,3
4777,9376,1,3
4777,9969,1,3
4777,9982,1,3
4777,10348,1,3
4777,11900,2,4
4777,12733,1,5
4777,13615,1,6
4777,13696,2,3
4777,13721,1,6
4777,14258,1,3
4777,14460,1,3
4777,14788,1,3
4777,14823,1,3
4777,15111,1,3
4777,15274,1,3
4777,15378,1,3
4777,15460,1,4
4777,15502,1,4
4777,15877,1,4
4777,16120,1,3
4777,16206,1,3
4791,12728,1,3
4791,15333,1,3
4791,16008,1,3
4809,8366,1,4
4809,10054,1,3
4809,11900,1,3
4809,12008,1,3
4809,12748,1,3
4809,15111,1,4
4809,15446,1,3
4812,6235,1,3
4812,8771,1,3
4812,9532,1,3
4812,9609,1,3
4812,12332,1,3
4812,12334,1,3
4812,14099,1,3
4812,15670,1,3
4812,15778,1,3
4821,5570,1,3
4821,5689,1,3
4821,8922,1,3
4821,9532,1,3
4821,10001,1,3
4821,11900,2,3
4844,6238,1,3
4844,7655,1,3
4844,10001,1,3
4844,12950,1,5
4844,12955,1,3
4844,15778,1,3
4844,15788,1,3
4846,8888,1,3
4846,9737,1,3
4846,14910,1,3
4852,8694,1,3
4852,15765,1,3
4879,14370,1,3
4891,6470,1,3
4891,8017,1,3
4891,10299,1,3
4891,11351,1,3
4891,12368,1,3
4902,13615,1,3
4908,5242,1,3
4908,6184,1,3
4908,6286,1,3
4908,6625,1,3
4908,6946,1,4
4908,8443,1,3
4908,9275,1,3
4908,9945,1,3
4908,11170,1,3
4908,11314,1,3
4908,12028,1,3
4908,12108,1,3
4908,12526,1,3
4908,14037,1,4
4908,14757,1,3
4908,15162,1,5
4908,15200,1,3
4908,16161,1,3
4920,5749,1,3
4920,6311,1,3
4920,6348,1,3
4920,8366,1,6
4920,8918,1,3
4920,14221,1,3
4920,14535,1,3
4920,15431,1,3
4946,7516,1,3
4946,11116,1,3
4946,13721,1,3
4948,7964,1,3
4948,8514,1,4
4948,11206,1,4
4948,11517,1,3
4948,11900,1,3
4948,13188,1,3
4948,13615,1,3
4948,14900,1,3
4948,15460,1,3
4965,13787,1,3
4968,7528,1,3
4968,12585,1,3
4968,13615,1,3
4968,16097,1,3
4968,16206,1,3
4994,10931,1,3
4994,13015,1,3
4994,13359,1,3
4994,15833,1,4
5006,5193,1,3
5006,9045,1,3
5006,10602,1,3
5006,15850,1,3
5008,13298,1,3
5010,8578,1,4
5025,8779,1,3
5025,9982,1,3
5025,14264,1,3
5034,11900,1,3
5041,12108,1,3
5046,7244,1,3
5046,11165,1,3
5046,13539,1,3
5056,8271,1,3
5056,9389,1,3
5056,11876,1,3
5056,15765,1,5
5056,15839,1,3
5061,5724,1,3
5061,6285,1,3
5061,7768,1,3
5097,6061,1,3
5097,6715,1,3
5101,12134,1,3
5101,13539,1,3
5102,5234,1,3
5102,5562,1,3
5102,7011,1,3
5102,8888,1,3
5102,11105,1,3
5102,11206,1,3
5102,11621,1,3
5102,12223,1,4
5102,14480,1,3
5102,14632,1,3
5102,14689,1,3
5102,14900,1,3
5102,15743,1,3
5102,15833,1,3
5113,7135,1,3
5113,11291,1,3
5113,12950,1,3
5121,5243,1,3
5121,9055,1,3
5121,12334,1,3
5121,12602,1,3
5121,14270,1,4
5121,14291,1,3
5121,15317,1,3
5122,7012,1,3
5122,14295,1,3
5135,7017,1,3
5147,5242,1,3
5153,5749,1,4
5153,7429,1,3
5153,7755,1,3
5153,9623,1,3
5153,10221,1,3
5153,11900,2,4
5153,12399,1,3
5153,12896,1,3
5153,12955,1,3
5153,15460,1,3
5153,15877,1,4
5153,16038,1,4
5153,16206,1,3
5155,5541,1,4
5155,6319,1,3
5155,7011,1,3
5155,7722,1,3
5155,9438,1,3
5155,10079,1,3
5155,10532,1,3
5155,11206,1,3
5155,11621,1,4
5155,11925,1,3
5155,15081,1,3
5155,15152,1,3
5155,15380,1,3
5182,5636,1,3
5182,6625,1,4
5182,6946,1,3
5182,7457,1,3
5182,8443,1,3
5182,10392,1,4
5182,12425,1,3
5182,12526,1,3
5182,13273,1,3
5182,15200,1,3
5182,16206,1,3
5185,6286,1,3
5185,8748,1,4
5185,11441,1,3
5185,12091,1,3
5185,14416,1,3
5185,16145,1,3
5190,8366,1,3
5193,5256,1,3
5193,5322,1,5
5193,5539,1,4
5193,5989,1,3
5193,6156,1,3
5193,7026,1,3
5193,7351,1,3
5193,8054,1,3
5193,8065,1,4
5193,8501,1,3
5193,8868,1,3
5193,9044,1,3
5193,9707,1,3
5193,10602,1,5
5193,11030,1,4
5193,11447,1,5
5193,12675,1,7
5193,12936,1,3
5193,13615,1,9
5193,14984,1,3
5193,15333,1,3
5193,15775,1,5
5193,15850,1,3
5193,16008,1,4
5198,15652,1,5
5199,14037,1,3
5199,16145,1,3
5204,8366,1,3
5204,13993,2,3
5216,5242,1,3
5216,5722,1,3
5216,6184,1,3
5216,6279,1,3
5216,6861,1,3
5216,7457,1,3
5216,8367,1,3
5216,9513,1,3
5216,9521,1,3
5216,9945,1,5
5216,10687,1,4
5216,10791,1,4
5216,11682,1,3
5216,12108,1,4
5216,12988,1,3
5216,13271,1,3
5216,13539,1,4
5216,14807,1,3
5216,15200,1,3
5216,15259,1,3
5216,15414,1,3
5216,15859,1,4
5222,5868,1,3
5222,6289,1,4
5222,8294,1,3
5222,12007,1,4
5222,15460,1,6
5222,15579,1,3
5228,12750,1,3
5233,10749,1,3
5234,7011,1,3
5234,8888,1,3
5234,11206,1,3
5234,12487,1,3
5235,5276,1,3
5235,5454,1,3
5235,6649,1,3
5235,7178,1,4
5235,8271,1,3
5235,8407,1,3
5235,8539,1,4
5235,8694,1,3
5235,9623,1,4
5235,12896,1,4
5235,13615,1,3
5235,13811,1,5
5235,14705,1,3
5235,14735,1,3
5235,15357,1,3
5235,15765,1,5
5242,6546,1,3
5242,7457,1,3
5242,9521,1,3
5242,9945,1,4
5242,11170,1,3
5242,11264,1,3
5242,11314,1,3
5242,12108,1,4
5242,12988,1,3
5242,13503,1,3
5242,13756,1,3
5242,15162,1,3
5242,15200,1,3
5242,15859,1,3
5243,6348,1,3
5243,7710,1,3
5243,7767,1,3
5243,9115,1,3
5243,13117,1,3
5243,13721,1,3
5243,14270,1,3
5243,14291,2,3
5243,15317,1,3
5243,15670,1,3
5247,7644,1,3
5247,9265,1,3
5247,9415,1,6
5247,11900,1,5
5247,14874,1,3
5256,6286,1,3
5256,7457,1,3
5256,7740,1,3
5256,8054,1,3
5256,10414,1,3
5256,10657,2,3
5256,13721,1,3
5256,13978,2,3
5256,15333,1,3
5276,5454,1,3
5276,7801,1,3
5276,9265,1,3
5276,13615,1,4
5287,5541,1,3
5287,12950,1,3
5287,13015,1,3
5287,14900,1,3
5299,5541,1,3
5299,6434,1,3
5299,8820,1,3
5322,5539,1,3
5322,6156,1,3
5322,9044,1,3
5322,10309,1,3
5322,11447,1,4
5322,12032,1,4
5322,12675,1,3
5322,12936,1,3
5322,13615,1,6
5322,14984,1,3
5322,15333,1,4
5322,15775,1,4
5325,7111,1,3
5325,10638,1,3
5325,10848,1,3
5325,15670,1,3
5328,8366,1,3
5328,11206,1,3
5380,13615,1,3
5387,7011,1,4
5387,7275,1,3
5387,7620,1,3
5387,9940,1,3
5387,11206,1,3
5387,12487,1,3
5387,14710,1,3
5387,14721,1,3
5387,15833,1,3
5392,8844,1,3
5392,8925,1,4
5392,12750,1,4
5400,15340,1,3
5409,15765,1,3
5410,7099,1,3
5410,7864,1,4
5410,9134,1,4
5410,9463,1,3
5410,12334,1,3
5410,13721,1,4
5415,9982,1,3
5415,15204,1,3
5435,9969,1,3
5435,11286,1,3
5436,7244,1,3
5436,7328,1,3
5436,7457,1,3
5436,9513,1,3
5436,10687,1,3
5436,10791,1,3
5436,11314,1,3
5436,12032,1,3
5436,12108,1,3
5436,15200,1,4
5436,15259,1,3
5454,12943,1,3
5454,13615,1,3
5454,14735,1,3
5459,6114,1,3
5459,7365,1,6
5459,10315,1,4
5459,11388,1,3
5459,12171,1,3
5459,12668,1,4
5459,13773,1,4
5470,6261,1,4
5470,7011,1,4
5470,8647,1,3
5470,8990,1,3
5470,9203,1,3
5470,10398,2,3
5470,10694,1,3
5470,10871,1,3
5470,11291,1,3
5470,12223,1,3
5470,13359,1,3
5470,13615,2,5
5470,13844,1,3
5470,14219,1,3
5470,14689,1,3
5470,14900,1,3
5470,15415,1,3
5470,15833,1,3
5472,5633,1,3
5472,6827,1,3
5472,7026,1,3
5472,8702,1,3
5472,9298,1,3
5472,14190,1,3
5472,15670,1,3
5497,6102,1,3
5497,12826,1,3
5497,13615,1,3
5519,12125,1,3
5539,6156,1,3
5539,7134,1,3
5539,9044,1,3
5539,10602,1,3
5539,11447,1,4
5539,12032,1,3
5539,15414,1,3
5539,15775,1,3
5541,7011,1,5
5541,7442,1,3
5541,7565,1,3
5541,8514,1,4
5541,9127,1,3
5541,9469,1,3
5541,9538,1,3
5541,10584,1,4
5541,10966,1,3
5541,11206,1,5
5541,11621,1,3
5541,11925,1,6
5541,12950,1,5
5541,13615,1,6
5541,13651,1,4
5541,14710,1,4
5541,14897,1,3
5541,14900,1,5
5541,15073,1,3
5541,15152,1,3
5541,15833,1,4
5550,15200,1,3
5562,6434,1,3
5562,7011,1,6
5562,7565,1,3
5562,8514,1,4
5562,8647,1,3
5562,10260,1,3
5562,10584,1,3
5562,11206,1,4
5562,11336,1,3
5562,11621,1,4
5562,11925,1,3
5562,12124,1,3
5562,12131,1,4
5562,12223,1,4
5562,12718,1,3
5562,12943,1,3
5562,12950,1,3
5562,13615,1,5
5562,14632,1,3
5562,14689,1,3
5562,14710,1,3
5562,14900,1,3
5562,15166,1,3
5562,15492,1,3
5562,15833,1,4
5566,6027,1,3
5570,11900,1,3
5576,8366,1,3
5576,8514,1,3
5576,9265,1,3
5576,13615,1,3
5576,15460,1,3
5597,10159,1,3
5601,6173,1,3
5609,6641,1,3
5609,15460,1,4
5622,6507,1,3
5633,5689,1,3
5633,6238,1,3
5633,6570,2,3
5633,7026,1,3
5633,8702,1,4
5633,10001,1,3
5633,10833,1,3
5633,12032,1,3
5633,12241,1,3
5633,14190,1,4
5633,15658,1,3
5633,15670,1,3
5635,15877,1,3
5636,6625,1,3
5636,8443,1,3
5636,10392,1,3
5636,12425,1,3
5636,16206,1,3
5643,8828,1,3
5646,8311,1,3
5659,13699,1,3
5666,7609,1,3
5666,11003,1,3
5666,13615,1,3
5672,8723,1,3
5682,5689,1,3
5682,6652,1,3
5682,8702,1,3
5682,8771,1,3
5682,10001,1,5
5682,10848,1,3
5682,11900,1,3
5682,13388,1,3
5682,15631,1,3
5682,15670,1,3
5689,5898,1,3
5689,6238,1,3
5689,6635,1,3
5689,8702,1,4
5689,8922,1,3
5689,9532,1,3
5689,9715,1,3
5689,10001,1,4
5689,10440,1,3
5689,10680,1,4
5689,10751,1,3
5689,10833,1,3
5689,10848,1,3
5689,11900,1,3
5689,12334,1,3
5689,14190,1,3
5689,15631,1,3
5689,15658,1,3
5689,15670,1,3
5700,7573,1,3
5700,13615,1,3
5709,10159,1,5
5709,10782,1,4
5709,13220,1,3
5709,13981,1,3
5721,6373,1,3
5722,6106,1,3
5722,6625,1,3
5722,7244,1,3
5722,8367,1,3
5722,8877,1,3
5722,9945,1,3
5722,10392,1,3
5722,10791,1,3
5722,11682,1,3
5722,12134,1,3
5722,13539,1,6
5722,15172,1,3
5722,15807,1,3
5724,6285,1,4
5724,12484,1,3
5724,12653,1,3
5727,8578,1,7
5727,9359,1,3
5727,11480,1,3
5727,13615,1,10
5749,6348,1,3
5749,6409,1,3
5749,8437,1,3
5749,8771,1,3
5749,9115,1,3
5749,9532,1,3
5749,11431,1,3
5749,11900,1,3
5749,12334,1,4
5749,12950,1,4
5749,14099,1,4
5749,14248,1,3
5749,15356,1,3
5749,15670,1,4
5766,6893,1,3
5780,8065,1,3
5780,11447,1,3
5804,12131,1,3
5804,13615,1,3
5818,15416,1,3
5861,13615,1,3
5868,5876,1,3
5868,6658,1,3
5868,8431,1,5
5868,8496,1,3
5868,10364,1,3
5868,14754,1,3
5868,15579,1,4
5875,14314,1,3
5876,6658,1,3
5876,8431,1,4
5876,8439,1,4
5876,8449,1,3
5876,10364,1,4
5876,14754,1,3
5876,15460,1,6
5876,15579,1,5
5898,9532,1,3
5898,15670,1,3
5909,10174,1,3
5925,7541,1,3
5925,9044,1,3
5925,11447,1,3
5925,14984,1,3
5925,15333,1,3
5928,11155,1,3
5928,13220,1,3
5928,13868,1,3
5942,6098,1,3
5942,7757,1,3
5942,12425,1,3
5943,7961,1,3
5943,10315,1,3
5943,10884,1,3
5943,13058,1,4
5954,6641,1,3
5954,7267,1,4
5954,7429,1,4
5954,8366,1,5
5954,9982,1,3
5954,11900,1,4
5954,14258,1,4
5954,14460,1,4
5954,15111,1,3
5954,15378,1,3
5954,15460,1,7
5954,15877,1,3
5954,16120,1,3
5981,6649,1,4
5981,8271,1,4
5981,8539,1,3
5981,8694,1,5
5981,9197,1,3
5981,9389,1,3
5981,10383,1,3
5981,11195,1,3
5981,12854,1,3
5981,12862,1,3
5981,15384,1,4
5981,15635,1,3
5981,15649,1,4
5981,15765,1,9
5981,15839,1,3
5981,15883,1,5
5986,8366,1,3
5989,12675,1,3
5989,13615,1,5
5989,16008,1,3
5994,6373,1,3
5994,12639,1,3
5994,13721,1,5
6004,8943,1,3
6004,10503,1,3
6027,6065,1,3
6027,6269,1,3
6027,8918,1,3
6027,9162,1,4
6027,9558,1,3
6027,10159,1,4
6027,11500,1,3
6027,12484,1,3
6027,13323,1,3
6059,6714,1,3
6059,14806,1,3
6059,15670,1,3
6062,15649,1,3
6063,11005,1,3
6065,6269,1,3
6065,6285,1,3
6065,9162,1,5
6065,10159,1,3
6098,8578,1,3
6101,6289,1,3
6101,8918,1,3
6102,8918,1,3
6102,13220,1,3
6102,13615,1,4
6102,14651,1,4
6106,6625,1,3
6106,6946,1,3
6106,13539,1,3
6114,7455,1,3
6114,9387,1,3
6114,9623,1,4
6156,10602,1,3
6156,11245,1,3
6156,11447,1,3
6156,12675,1,3
6156,12936,1,3
6156,13217,1,3
6156,13615,1,5
6173,9623,1,3
6173,11608,1,3
6173,13811,1,3
6173,15883,1,3
6184,6946,1,3
6184,10174,1,3
6184,10392,1,3
6184,10414,1,3
6184,12108,1,3
6184,12134,1,3
6184,12425,1,3
6184,13271,1,3
6184,13539,1,3
6184,14037,1,4
6184,16206,1,3
6207,9068,1,3
6207,9162,1,3
6207,10965,1,3
6207,12265,1,3
6207,13615,1,4
6207,14264,1,3
6211,15877,1,3
6229,8187,1,3
6229,15416,1,3
6235,9609,1,3
6238,8702,1,3
6238,10001,1,3
6238,10833,1,3
6238,10848,1,3
6238,14190,1,3
6238,15658,1,3
6244,8694,1,4
6244,15765,1,3
6258,7011,1,3
6258,7723,1,3
6258,10102,1,3
6258,11206,1,3
6258,13149,1,3
6258,14710,1,3
6258,14900,1,3
6258,15833,1,3
6261,8465,1,4
6261,8467,1,3
6261,11353,1,3
6261,12943,1,3
6261,13615,1,5
6269,9162,1,3
6269,10159,1,3
6279,7457,1,3
6279,9290,1,3
6279,10687,1,3
6279,10791,1,3
6279,12988,1,3
6279,13445,1,3
6279,15414,1,3
6279,15888,1,3
6279,16206,1,3
6285,9162,1,5
6285,10159,1,3
6285,11719,1,4
6285,12484,1,3
6285,12653,1,3
6286,6570,1,3
6286,6602,1,3
6286,6887,1,3
6286,6983,1,3
6286,7457,1,4
6286,8443,1,3
6286,8748,1,3
6286,8915,1,3
6286,10148,1,3
6286,10687,1,5
6286,11264,1,3
6286,11441,1,3
6286,12091,1,3
6286,12692,1,3
6286,13377,1,3
6286,13539,1,4
6286,13756,1,3
6286,13764,1,3
6286,14416,1,3
6286,15162,1,3
6286,15200,1,3
6286,15789,1,3
6286,16145,1,5
6289,11644,1,3
6291,7244,1,4
6291,11900,1,3
6291,13615,1,4
6295,8612,1,3
6295,9623,1,3
6311,7767,1,3
6328,6658,1,3
6328,7429,2,3
6328,8366,1,3
6328,9782,1,3
6328,9969,1,3
6328,10606,1,3
6328,11900,1,3
6328,14258,1,3
6328,14460,1,4
6328,15378,1,3
6328,15446,1,3
6328,15460,1,3
6328,15568,1,3
6328,16120,1,3
6348,7710,1,3
6348,7767,1,3
6348,8303,1,3
6348,11092,1,3
6360,8366,2,3
6360,8918,2,3
6360,9982,1,3
6360,14258,1,3
6360,15460,1,3
6409,8437,1,3
6409,15670,1,3
6410,13615,1,3
6434,7011,1,4
6434,7275,1,3
6434,8514,1,3
6434,8647,1,3
6434,8820,1,3
6434,9940,1,3
6434,10092,1,3
6434,10966,1,3
6434,11206,1,3
6434,12131,1,3
6434,12223,1,3
6434,12943,1,3
6434,12950,1,4
6434,13615,1,3
6434,13856,1,3
6434,14710,1,3
6434,15166,1,3
6434,15833,1,3
6434,16146,1,3
6450,15670,1,3
6470,11351,1,3
6502,7964,1,3
6502,8366,1,4
6502,13188,1,3
6502,13615,1,3
6502,14747,1,3
6502,14900,1,3
6502,15460,1,3
6503,7787,1,3
6503,8990,1,3
6503,11291,1,3
6503,12487,1,3
6503,13785,1,3
6503,14721,1,3
6507,13539,1,3
6520,10399,1,3
6540,8990,1,3
6540,12368,1,3
6543,13615,1,3
6546,6625,1,5
6546,6946,1,3
6546,7244,1,3
6546,7804,1,3
6546,8429,1,3
6546,8915,1,3
6546,9521,1,3
6546,9945,1,3
6546,11277,1,3
6546,12028,1,3
6546,12108,1,3
6546,12739,1,3
6546,12988,1,3
6546,13503,1,3
6546,13539,1,4
6546,14043,1,3
6546,15615,1,3
6546,16206,1,3
6552,13615,1,3
6570,9115,1,3
6570,10687,1,3
6570,10791,1,3
6570,12241,1,3
6570,12950,1,3
6570,13539,1,3
6570,14079,1,3
6601,12223,1,3
6602,14416,1,3
6604,10260,1,3
6604,10615,1,3
6604,11206,1,3
6604,14651,1,3
6625,6792,1,3
6625,6946,1,5
6625,7244,1,4
6625,7804,1,3
6625,8429,1,3
6625,8915,1,3
6625,9275,1,3
6625,9298,1,3
6625,10174,1,3
6625,10367,1,3
6625,10392,1,3
6625,10456,1,3
6625,11277,1,3
6625,12028,1,3
6625,12425,1,3
6625,12739,1,3
6625,12988,1,3
6625,13539,1,4
6625,14037,1,3
6625,14043,1,3
6625,14811,1,3
6625,15162,1,3
6625,15615,1,3
6625,16206,1,5
6635,9715,1,3
6635,10001,1,3
6635,10680,1,3
6635,10751,1,3
6641,8366,1,3
6641,10188,1,3
6641,15460,1,4
6641,15773,1,3
6646,11005,1,3
6646,12171,1,4
6649,8694,1,4
6649,9151,1,3
6649,9623,1,4
6649,10383,1,3
6649,10924,1,3
6649,12862,1,3
6649,15635,1,3
6649,15765,1,4
6649,15883,1,3
6652,9623,1,3
6652,13931,1,3
6654,7600,1,3
6654,8271,1,3
6654,15765,1,3
6658,8431,1,6
6658,8439,2,3
6658,8496,1,3
6658,10198,1,3
6658,10364,2,3
6658,10641,1,4
6658,13122,1,3
6658,13343,1,3
6658,13615,3,4
6658,14118,1,3
6658,15026,2,3
6658,15460,1,4
6658,15686,1,4
6664,7528,1,4
6664,16097,1,3
6664,16206,1,3
6666,8514,1,3
6666,13615,1,3
6711,8612,1,3
6714,10893,1,3
6714,14221,1,3
6714,14277,1,3
6714,14806,1,3
6714,15924,1,3
6715,11005,1,3
6715,15416,1,3
6716,13282,1,4
6716,13615,1,8
6716,15378,1,3
6746,12334,1,3
6762,10606,1,3
6772,13615,1,3
6792,7244,1,3
6792,7457,1,3
6792,8443,1,3
6792,8748,1,3
6792,11547,1,3
6792,12028,1,3
6792,12125,1,3
6792,16206,1,3
6798,7011,1,3
6798,12950,1,3
6798,13615,1,3
6798,15833,1,3
6804,10543,1,3
6804,13539,1,3
6809,10114,1,3
6810,9089,1,3
6827,15670,1,3
6851,10062,1,3
6851,10160,1,3
6853,12277,1,3
6857,6861,1,3
6857,10687,1,3
6861,7457,1,3
6861,8443,1,3
6861,8741,1,3
6861,8748,1,3
6861,9290,1,3
6861,10102,1,3
6861,10174,1,3
6861,10687,1,4
6861,12866,1,3
6861,13756,1,3
6861,14457,1,3
6861,15414,1,4
6861,16004,1,3
6861,16206,1,3
6866,15670,1,3
6887,8915,1,3
6887,10102,1,3
6887,12108,2,3
6887,12425,1,3
6887,13539,1,5
6887,13756,1,3
6887,13768,1,3
6887,14314,1,3
6887,15147,1,3
6887,15162,1,3
6887,16145,1,3
6915,12108,1,3
6915,12223,1,5
6915,13419,1,3
6915,14314,1,4
6915,14480,1,5
6919,8431,1,3
6919,13615,1,5
6919,14754,1,3
6919,15460,1,3
6942,9737,1,3
6942,14864,1,3
6942,16008,1,3
6946,7457,1,3
6946,8429,1,3
6946,8443,1,3
6946,9275,1,3
6946,9290,1,3
6946,10174,1,3
6946,12091,1,3
6946,12108,1,3
6946,12739,1,3
6946,14090,1,3
6946,15399,1,3
6946,15414,1,3
6946,16145,1,3
6946,16206,1,3
6988,9852,1,3
7011,7275,1,4
7011,7416,1,3
7011,7442,1,3
7011,7565,1,6
7011,7573,1,4
7011,7620,1,3
7011,7849,1,4
7011,8039,1,4
7011,8214,1,3
7011,8514,1,6
7011,8619,1,3
7011,8647,1,5
7011,8888,1,3
7011,8997,1,3
7011,9469,1,4
7011,9497,1,3
7011,9940,1,4
7011,10092,1,3
7011,10260,1,3
7011,10357,1,3
7011,10584,1,3
7011,10874,1,3
7011,10966,1,4
7011,11206,1,8
7011,11336,1,3
7011,11406,1,3
7011,11621,1,4
7011,11797,1,5
7011,11849,1,3
7011,11925,1,5
7011,12124,1,3
7011,12131,1,5
7011,12143,1,3
7011,12223,1,8
7011,12487,1,3
7011,12718,1,5
7011,12833,1,3
7011,12943,1,4
7011,12950,1,6
7011,13015,1,4
7011,13149,1,4
7011,13359,1,3
7011,13615,1,16
7011,13651,1,3
7011,13844,1,5
7011,14088,1,3
7011,14102,1,3
7011,14380,1,3
7011,14480,1,4
7011,14632,1,5
7011,14689,1,4
7011,14710,1,7
7011,14721,1,3
7011,14897,1,3
7011,14900,1,5
7011,15152,1,3
7011,15166,1,5
7011,15492,1,4
7011,15833,1,8
7017,13060,1,3
7017,14036,1,3
7024,9389,1,3
7026,7244,1,3
7026,8065,1,3
7026,8702,1,3
7026,9526,1,3
7026,10791,1,4
7026,11245,1,3
7026,11447,1,3
7026,11916,1,3
7026,12032,2,3
7026,12526,1,3
7026,13539,1,3
7026,14190,1,3
7026,14837,1,3
7026,15789,1,3
7028,7296,1,4
7028,7964,1,3
7028,9415,1,4
7028,11900,1,3
7028,13053,1,3
7028,13615,2,4
7028,14900,1,3
7028,15460,1,5
7028,15735,1,3
7082,7115,1,3
7082,8366,1,6
7082,8592,1,4
7082,10435,1,3
7083,10751,1,3
7083,14099,1,3
7099,7864,1,3
7099,9134,1,3
7099,9376,1,3
7099,9463,1,4
7099,13721,1,4
7099,13995,1,3
7111,8771,1,3
7111,9115,1,3
7111,11900,1,4
7115,7418,1,3
7115,8366,1,5
7115,8592,1,3
7115,8779,1,3
7115,8918,1,4
7115,9982,1,3
7115,11617,1,3
7115,14258,1,4
7115,15378,1,3
7115,15460,1,3
7115,15877,1,3
7126,7528,1,3
7129,13547,1,5
7134,11447,1,3
7134,15414,1,3
7135,9047,1,3
7135,11291,1,3
7135,11797,1,3
7135,12943,1,3
7135,13615,1,3
7171,7994,2,3
7177,8844,1,5
7177,12750,1,4
7178,8539,1,4
7178,9265,1,3
7178,11309,1,3
7178,11390,1,3
7178,11900,1,4
7178,12733,1,3
7178,13131,1,3
7178,13296,1,3
7178,13615,1,6
7178,13784,1,3
7178,15502,1,8
7178,15788,1,3
7234,8259,1,3
7234,13042,1,3
7234,15765,1,4
7244,7328,1,3
7244,7457,1,4
7244,7724,1,3
7244,9513,1,3
7244,10409,1,3
7244,10687,1,3
7244,10791,1,4
7244,11165,1,4
7244,11277,1,3
7244,11314,1,3
7244,11900,1,5
7244,12125,1,3
7244,12988,1,3
7244,13247,1,3
7244,13539,1,4
7244,13615,1,4
7244,14651,1,3
7244,15172,1,4
7244,15200,1,3
7244,15214,1,3
7244,15615,1,3
7244,15807,1,4
7264,8366,1,3
7264,8525,1,3
7264,9415,1,3
7264,11900,2,3
7264,13149,1,3
7264,13721,1,3
7267,8366,1,4
7267,11485,1,3
7267,14460,1,3
7267,15111,1,3
7267,15378,1,3
7267,15460,1,3
7267,15877,1,3
7275,7620,1,3
7275,8647,1,3
7275,9469,1,3
7275,9940,1,4
7275,10092,1,3
7275,10207,1,3
7275,11206,1,3
7275,11406,1,3
7275,11621,1,3
7275,11797,1,4
7275,12487,1,3
7275,12943,1,3
7275,12950,1,3
7275,13149,1,3
7275,13615,1,3
7275,14380,1,3
7275,14689,1,3
7275,14721,1,3
7275,14900,1,3
7275,15743,1,3
7275,15833,1,4
7276,7323,1,3
7276,10102,1,3
7276,12437,1,3
7281,7457,1,3
7281,8331,1,3
7281,8443,1,3
7281,12702,1,3
7281,12770,1,3
7281,14457,1,3
7281,14837,1,3
7296,9415,1,5
7296,11206,1,3
7296,11900,1,3
7296,13615,1,4
7296,14900,1,3
7296,15460,1,3
7323,7967,1,3
7323,8443,1,3
7323,9945,1,3
7323,10043,1,3
7323,10102,1,3
7323,10543,1,3
7323,12032,1,3
7323,12437,1,3
7323,13539,1,3
7323,14864,2,3
7323,15169,1,3
7323,15253,1,3
7328,7457,1,3
7328,9513,1,3
7328,10791,1,3
7328,11314,1,3
7328,15200,1,3
7335,11682,1,3
7351,11030,1,3
7351,11447,1,3
7363,8366,1,3
7363,9415,1,3
7365,10315,1,4
7365,11388,1,3
7365,12171,1,3
7365,13773,1,4
7418,8366,1,3
7418,8779,1,3
7418,10348,1,3
7418,15460,1,3
7418,15877,1,3
7426,10102,1,3
7429,7755,1,3
7429,8366,1,3
7429,8779,1,3
7429,9982,1,4
7429,10377,1,4
7429,14460,1,3
7429,15378,1,3
7429,15460,1,4
7429,15877,1,3
7442,11206,1,3
7446,15162,1,3
7446,15981,1,3
7455,10079,1,3
7457,8331,1,3
7457,8367,1,3
7457,8443,1,5
7457,8748,1,3
7457,8915,1,3
7457,9275,1,3
7457,9290,1,3
7457,9513,1,3
7457,9945,1,3
7457,10084,1,3
7457,10148,1,3
7457,10392,1,4
7457,10687,1,5
7457,10791,1,4
7457,11264,1,3
7457,11314,1,3
7457,11441,1,3
7457,12091,1,3
7457,12108,1,3
7457,12125,1,4
7457,12702,1,3
7457,12770,1,3
7457,12960,1,3
7457,12988,1,4
7457,13247,1,3
7457,13273,1,3
7457,13539,1,3
7457,14457,1,4
7457,14837,1,3
7457,15162,1,4
7457,15200,1,4
7457,15259,1,3
7457,15414,1,3
7457,15807,1,3
7457,16145,1,4
7457,16206,1,3
7516,8180,1,3
7516,11404,1,3
7516,13721,1,3
7516,13732,1,3
7516,16151,1,3
7527,9469,1,3
7528,7609,1,4
7528,7737,1,3
7528,7973,1,3
7528,11003,1,5
7528,13091,1,3
7528,13221,1,3
7528,13615,1,5
7528,16097,1,3
7528,16206,1,3
7532,12171,1,3
7533,8246,1,3
7541,9044,1,3
7541,11447,1,3
7541,14984,1,3
7541,15333,1,3
7542,8918,1,3
7565,8039,1,3
7565,8514,1,5
7565,10584,1,4
7565,11206,1,4
7565,11797,1,3
7565,12131,1,3
7565,12718,1,3
7565,12950,1,3
7565,13615,1,5
7565,14710,1,3
7565,14900,1,3
7565,15166,1,4
7565,15492,1,4
7573,10357,1,3
7573,13615,1,4
7597,8366,1,3
7600,8271,1,3
7600,8694,1,3
7600,15635,1,3
7600,15649,1,3
7600,15765,1,4
7609,9385,1,3
7609,11003,1,5
7609,12585,1,3
7609,13615,1,5
7609,16206,1,3
7620,8039,1,3
7620,9392,1,3
7620,9940,1,4
7620,11206,1,3
7620,11406,1,3
7620,12487,1,3
7620,12950,1,3
7620,13615,1,3
7620,14721,1,3
7621,13615,1,3
7655,8439,1,3
7655,11900,1,3
7655,12334,1,3
7655,12955,1,3
7655,15670,1,3
7667,8947,1,3
7667,13539,1,3
7667,16206,1,3
7702,13409,2,3
7710,7767,1,3
7722,8990,1,3
7724,11900,1,3
7724,13615,1,3
7735,14099,1,3
7735,15670,1,4
7737,12585,1,3
7737,13615,1,3
7740,10414,1,3
7749,15670,1,3
7750,16145,1,3
7755,8366,1,3
7755,8779,1,3
7755,8922,1,3
7755,9969,1,3
7755,9982,1,3
7755,10348,1,3
7755,11900,1,3
7755,13411,1,3
7755,14258,1,3
7755,15204,1,3
7755,15877,1,5
7755,16038,1,4
7755,16206,1,3
7756,8647,1,3
7756,9392,1,3
7756,12950,1,3
7756,13615,2,4
7756,15492,1,3
7757,9623,1,3
7757,10392,1,3
7757,11431,1,3
7757,12425,1,4
7757,15618,1,3
7759,11124,1,3
7759,12334,1,3
7766,8045,1,3
7766,14900,1,3
7771,13615,1,3
7787,8918,1,4
7787,8990,1,3
7787,11291,1,3
7787,12487,1,3
7787,12943,1,3
7787,13785,1,3
7787,14721,1,3
7795,9376,1,4
7795,12032,1,3
7795,13696,1,3
7801,9265,1,3
7801,13615,1,4
7804,8915,1,3
7804,12028,1,3
7804,14043,1,3
7830,13539,1,3
7837,9621,1,3
7837,14390,1,3
7844,15416,1,3
7849,12223,1,3
7849,14480,1,3
7864,8323,1,3
7864,9134,2,6
7864,9463,1,3
7864,11900,1,3
7864,12334,1,3
7864,13721,1,3
7895,13539,1,3
7906,9265,1,3
7906,13615,1,3
7917,11431,1,3
7961,7972,1,3
7961,10315,1,5
7961,10884,1,4
7961,12668,1,3
7961,15518,1,4
7964,8366,1,6
7964,8514,1,3
7964,9044,1,4
7964,9415,1,6
7964,11206,1,4
7964,11517,1,3
7964,11786,1,5
7964,11900,1,5
7964,13188,1,4
7964,13615,1,4
7964,14651,1,4
7964,14786,1,3
7964,14900,1,5
7964,15460,1,10
7964,15735,1,3
7967,9945,1,3
7967,10543,1,3
7967,14864,1,3
7972,10315,1,4
7972,10884,1,3
7972,12171,1,3
7972,13058,1,3
7973,9385,1,3
7973,11003,1,3
7973,13615,1,3
7993,8486,1,3
8022,8820,1,4
8022,12223,1,3
8022,13651,1,3
8022,15833,1,4
8039,9940,1,3
8039,11206,1,3
8039,11406,1,3
8039,11797,1,3
8039,12950,1,3
8039,13615,2,5
8039,14689,1,3
8039,15004,1,3
8045,12131,1,3
8045,13615,1,3
8045,14480,1,3
8045,14900,1,3
8045,15833,1,3
8052,14314,1,3
8065,8905,1,3
8065,9389,1,3
8065,10399,1,3
8065,11447,1,5
8065,12675,1,3
8065,13615,1,3
8065,15775,1,3
8143,9621,1,3
8143,11343,1,3
8147,8259,1,3
8147,8539,1,3
8147,15765,1,3
8147,15839,1,3
8164,10782,1,3
8164,13981,1,3
8167,13539,1,3
8167,15259,1,3
8178,9532,1,3
8178,11900,1,3
8178,13388,1,3
8178,15670,1,3
8187,10605,1,3
8187,11286,1,3
8190,12742,1,4
8203,15169,1,3
8214,12143,1,3
8242,10606,1,3
8246,10102,1,3
8259,9612,1,3
8259,15765,1,3
8259,15839,1,3
8271,8694,1,5
8271,9151,1,3
8271,9623,1,3
8271,12896,1,3
8271,15635,1,3
8271,15649,1,3
8271,15765,1,8
8271,15839,1,3
8285,10159,1,3
8294,15579,1,3
8303,15280,1,3
8311,12750,1,3
8323,9134,1,3
8323,13721,1,3
8323,14270,1,3
8329,13981,1,3
8331,8443,1,3
8331,12702,1,3
8331,12770,1,3
8331,13969,1,3
8331,14457,1,3
8331,14837,1,3
8355,9162,1,4
8366,8514,1,4
8366,8592,1,5
8366,8779,1,5
8366,8918,2,4
8366,9044,1,3
8366,9205,1,3
8366,9247,1,3
8366,9415,1,6
8366,9903,1,4
8366,9969,1,3
8366,9982,1,3
8366,10348,1,5
8366,10435,1,4
8366,10772,1,3
8366,11206,1,7
8366,11786,1,3
8366,11900,2,4
8366,11963,1,3
8366,12390,1,3
8366,12550,1,3
8366,12748,1,3
8366,13188,1,3
8366,13411,1,3
8366,13443,1,3
8366,13615,2,8
8366,13690,1,4
8366,14258,1,7
8366,14460,1,4
8366,14487,1,4
8366,14535,2,3
8366,14651,1,3
8366,14706,1,3
8366,14747,1,4
8366,14900,1,5
8366,14983,1,3
8366,15111,1,4
8366,15460,2,8
8366,15714,1,3
8366,15801,1,5
8366,15867,1,3
8366,15877,1,10
8367,8443,1,3
8367,8877,1,3
8367,10392,1,3
8367,10791,1,4
8367,12125,1,3
8367,12134,1,3
8367,12960,1,3
8367,13539,1,3
8367,14457,1,3
8367,15259,1,3
8407,9623,1,3
8407,9715,1,3
8407,12896,2,3
8407,15765,1,3
8407,15924,1,3
8408,15200,1,3
8422,13615,1,4
8429,12739,1,3
8431,8439,1,4
8431,8449,1,3
8431,8496,1,5
8431,10198,1,3
8431,10364,1,4
8431,14754,1,3
8431,15026,1,3
8431,15460,1,4
8431,15579,1,5
8437,15460,1,3
8437,15670,1,3
8439,9115,1,3
8439,10364,2,3
8439,13122,1,3
8439,13343,1,3
8439,13615,1,3
8439,15670,1,3
8439,15788,1,3
8443,8748,1,3
8443,9275,1,3
8443,9290,1,3
8443,9945,1,3
8443,10043,1,3
8443,10148,1,4
8443,10392,1,3
8443,10687,1,3
8443,10791,1,4
8443,11042,1,3
8443,11264,1,3
8443,12028,1,3
8443,12091,1,3
8443,12125,1,3
8443,12702,1,3
8443,12770,1,3
8443,12960,1,3
8443,12988,1,3
8443,13273,1,3
8443,13539,1,3
8443,14457,1,4
8443,14837,1,3
8443,15200,1,4
8443,15253,1,3
8443,15259,1,3
8443,15414,1,3
8443,16206,1,3
8449,15579,1,4
8465,8467,1,3
8465,8574,1,3
8465,8918,1,3
8465,8990,1,3
8465,12487,1,3
8465,12943,1,3
8465,13615,1,4
8467,11797,1,3
8467,11900,1,3
8467,12943,1,3
8467,13615,1,3
8467,14102,1,3
8469,9438,1,3
8486,8587,1,3
8486,9621,1,4
8496,15460,1,3
8496,15579,1,3
8501,11351,1,3
8501,12368,1,3
8501,14374,1,3
8508,12896,1,3
8508,12955,1,3
8508,15788,1,4
8514,8647,1,3
8514,9047,1,3
8514,9127,1,3
8514,9383,1,3
8514,9415,1,3
8514,9469,1,3
8514,10584,1,4
8514,11206,2,4
8514,11336,1,3
8514,11517,1,3
8514,11621,1,3
8514,11797,1,3
8514,11900,1,4
8514,11925,1,3
8514,12131,1,4
8514,12718,1,3
8514,12943,1,3
8514,12950,1,4
8514,13149,1,3
8514,13615,2,6
8514,14128,1,3
8514,14632,1,3
8514,14689,1,3
8514,14710,1,3
8514,14900,2,4
8514,15073,1,3
8514,15166,1,4
8514,15460,1,4
8514,15492,1,3
8514,15743,1,3
8514,15776,1,3
8539,8694,1,3
8539,9623,1,3
8539,11900,1,3
8539,12733,1,5
8539,13811,1,3
8539,15502,1,3
8539,15649,1,3
8539,15765,1,7
8539,15839,1,3
8555,11900,1,3
8578,10897,1,3
8578,10906,1,3
8578,13615,1,6
8582,13721,1,3
8587,8703,1,3
8587,8990,2,3
8587,9621,2,3
8592,13443,1,4
8592,14258,1,3
8592,15111,1,3
8592,15378,1,3
8592,15460,1,4
8592,15877,1,3
8603,8647,1,3
8603,10260,1,3
8603,13615,2,3
8603,14900,2,3
8603,15833,1,3
8608,9737,1,3
8612,10035,1,3
8612,10392,1,3
8613,12955,1,3
8619,9376,1,3
8619,12223,1,3
8619,13615,1,4
8619,13721,1,4
8626,15460,1,3
8639,9623,1,3
8647,9940,1,3
8647,10260,1,3
8647,10398,1,3
8647,10871,1,3
8647,10966,1,3
8647,11406,1,3
8647,11621,1,3
8647,11797,1,3
8647,12131,1,3
8647,12223,1,3
8647,12833,1,4
8647,12943,1,4
8647,12950,1,4
8647,13615,1,6
8647,14102,1,4
8647,14689,1,3
8647,14900,1,3
8647,15492,1,3
8647,15833,1,4
8690,9469,1,3
8690,14522,1,3
8694,9151,1,3
8694,9197,1,6
8694,9623,1,5
8694,11876,1,3
8694,12862,1,4
8694,15357,1,5
8694,15384,1,5
8694,15635,1,3
8694,15649,1,6
8694,15765,1,12
8694,15839,1,5
8694,15883,1,6
8702,10001,1,3
8702,10833,1,3
8702,12950,1,3
8702,14190,1,4
8702,14252,1,3
8702,15645,1,3
8702,15658,1,3
8702,15670,1,3
8703,15081,1,3
8717,9415,1,3
8717,13981,1,3
8734,9715,1,3
8734,12334,1,3
8734,12896,1,3
8744,9012,1,3
8744,11900,1,3
8748,9290,1,3
8748,10687,1,3
8748,11441,1,3
8748,12091,1,3
8748,14457,1,3
8748,15414,1,3
8748,16145,1,3
8755,14984,1,3
8771,9532,1,3
8771,11431,1,3
8771,11900,1,4
8771,12334,1,3
8771,14099,1,4
8771,15645,1,3
8771,15756,1,4
8778,9621,1,3
8779,9969,1,4
8779,10348,1,3
8779,10435,1,3
8779,15460,1,5
8779,15877,1,6
8779,16206,1,3
8789,9017,1,3
8796,12223,1,3
8796,12437,1,3
8796,14314,1,3
8811,11314,1,3
8820,10092,1,4
8820,11105,1,3
8820,11925,1,3
8820,12223,1,4
8820,12950,1,4
8820,13015,1,4
8820,13651,1,3
8820,14900,1,3
8820,15833,1,4
8828,12606,1,3
8844,12750,1,4
8868,11447,1,4
8868,12032,2,3
8877,10392,1,3
8877,10791,1,3
8877,12134,1,3
8877,13539,1,3
8883,13615,1,3
8911,9415,1,3
8911,13615,1,3
8911,14651,1,3
8911,14900,1,3
8915,10148,1,3
8915,10392,1,3
8915,12028,1,3
8915,12108,1,3
8915,12425,1,3
8915,13539,1,4
8915,14043,1,3
8915,15162,1,4
8918,9415,1,5
8918,9982,1,5
8918,10435,1,4
8918,11358,1,3
8918,11500,1,3
8918,12853,1,4
8918,12977,1,3
8918,13690,2,3
8918,13868,1,3
8918,13981,1,3
8918,14258,1,3
8918,15204,1,3
8918,15378,1,3
8918,15773,2,3
8922,9532,1,3
8922,10348,1,4
8922,11900,2,3
8922,12955,1,3
8922,15877,1,3
8922,16038,1,3
8925,12750,1,3
8943,10606,1,3
8943,11648,1,3
8943,15368,1,3
8947,13539,1,3
8947,16206,1,3
8960,13615,1,3
8986,11447,1,3
8990,10370,1,4
8990,11291,1,4
8990,12051,1,3
8990,12368,1,4
8990,12487,1,3
8990,13615,2,4
8990,13785,1,3
8990,14219,1,3
8990,14721,1,3
8990,15378,1,3
8990,15380,1,3
8997,9415,1,3
8997,11849,2,3
8997,11925,1,3
8997,13615,1,3
8997,13651,1,3
8997,14900,1,3
9000,13615,1,3
9012,11309,1,3
9012,11900,2,3
9017,10826,1,3
9017,15004,1,3
9044,10602,1,3
9044,11447,1,3
9044,12675,1,3
9044,14984,1,3
9044,15333,1,4
9044,15460,1,4
9044,15775,1,3
9044,16008,1,3
9045,10602,1,3
9045,11447,1,3
9045,13615,1,3
9047,10384,1,3
9047,11206,1,3
9047,11797,1,3
9047,12943,1,3
9047,13615,2,4
9047,14081,1,3
9055,13721,1,3
9055,14270,1,3
9055,14775,1,3
9068,10159,1,4
9087,11441,1,3
9106,10963,1,3
9115,11490,1,3
9115,12950,1,3
9115,12955,1,3
9115,13117,1,3
9115,14291,1,3
9115,15670,1,4
9115,15788,1,3
9127,10532,1,3
9127,15073,1,3
9127,15152,1,3
9134,9463,1,3
9134,11900,1,4
9134,12334,1,3
9134,13721,1,5
9134,13995,1,3
9134,14270,1,3
9151,9612,1,3
9151,9623,1,4
9151,15357,1,3
9151,15384,1,3
9151,15765,1,5
9162,10159,1,4
9162,11384,1,3
9162,12182,1,3
9162,12484,1,3
9162,14319,1,3
9181,14113,1,3
9197,9389,1,3
9197,9623,1,3
9197,12854,1,3
9197,15384,1,3
9197,15765,1,7
9197,15839,1,3
9197,15883,1,3
9203,12223,1,3
9203,13615,2,3
9247,9969,1,3
9247,13615,1,3
9247,16206,1,3
9265,9681,1,3
9265,11900,1,3
9265,12943,1,3
9265,13615,1,6
9265,14774,1,4
9275,9945,1,3
9275,10392,1,3
9275,11314,1,3
9275,12091,1,3
9275,12108,1,3
9275,14037,1,3
9275,15162,1,3
9275,16161,1,3
9290,10687,1,4
9290,10791,1,3
9290,12692,1,3
9290,13209,1,3
9290,13539,1,4
9290,14450,1,3
9290,14457,1,3
9290,14837,1,3
9290,15051,1,3
9290,15414,1,5
9290,16206,1,3
9298,10687,1,3
9298,11431,1,3
9298,13539,1,4
9298,16206,1,3
9310,12108,1,3
9310,12690,1,3
9310,14314,1,3
9359,13615,1,3
9364,10188,1,4
9375,10766,1,3
9375,11900,1,3
9376,10301,1,3
9376,12032,1,4
9376,13696,1,3
9376,13721,1,4
9385,11003,1,3
9385,13615,1,3
9389,9737,1,3
9389,10602,1,3
9389,11447,1,3
9389,13178,1,3
9389,15414,1,3
9389,15765,1,3
9389,15883,1,3
9392,9940,1,3
9392,10966,1,3
9392,11206,1,4
9392,11617,1,3
9392,13615,1,3
9415,9737,1,4
9415,11206,1,3
9415,11786,1,4
9415,11849,1,3
9415,11900,1,4
9415,12898,1,3
9415,13188,1,4
9415,13615,1,6
9415,13655,1,3
9415,13981,1,6
9415,14285,1,3
9415,14445,1,3
9415,14610,1,4
9415,14651,1,7
9415,14747,1,3
9415,14786,1,3
9415,14874,1,4
9415,14900,1,7
9415,15460,1,8
9415,15735,1,3
9438,15081,1,4
9442,9903,1,3
9450,9737,1,3
9450,12368,1,3
9463,12334,1,3
9463,12602,1,3
9463,13721,1,3
9463,13995,1,3
9469,10606,1,3
9469,10966,1,3
9469,11797,1,3
9469,13149,1,3
9469,13615,1,4
9469,14243,2,3
9469,14522,1,4
9469,14710,1,5
9469,15646,1,3
9469,15743,1,3
9497,11206,1,3
9497,13149,1,3
9497,15833,1,3
9513,10791,1,3
9513,11314,1,3
9513,15200,1,3
9513,15259,1,3
9521,9945,1,4
9521,10990,2,3
9521,12108,2,3
9521,12425,1,3
9521,13503,1,3
9521,13539,1,4
9521,14094,1,3
9521,14314,1,3
9526,10791,1,3
9526,11042,1,3
9526,12032,1,3
9526,12526,1,3
9526,14837,1,3
9532,11900,1,3
9532,12332,1,3
9532,12334,1,3
9532,12608,1,3
9532,15670,1,4
9532,15756,1,3
9538,11206,1,3
9538,14900,1,3
9558,10159,1,3
9558,12484,1,3
9609,12334,1,3
9609,12896,1,3
9609,14099,1,3
9612,9623,1,4
9612,15649,1,3
9612,15765,1,4
9621,9875,2,3
9621,10079,1,3
9621,10120,1,3
9621,11343,2,3
9621,12368,1,3
9621,14333,1,3
9623,10221,1,3
9623,10392,1,3
9623,11431,1,4
9623,12399,1,4
9623,12478,1,3
9623,12896,1,3
9623,13302,1,3
9623,13931,1,4
9623,15356,1,3
9623,15357,1,4
9623,15649,1,4
9623,15765,1,10
9623,15784,1,3
9623,15883,1,3
9648,11404,1,3
9648,13721,1,3
9681,9910,1,5
9687,12368,1,3
9707,10315,1,3
9707,12675,1,4
9707,15354,1,3
9712,13135,1,3
9715,10001,1,3
9715,10680,1,3
9715,10751,1,3
9715,11900,1,3
9715,12896,1,4
9715,14544,1,3
9715,15670,1,3
9737,10602,1,4
9737,12067,1,3
9737,14374,1,3
9755,13615,1,3
9762,11314,1,3
9769,12223,1,3
9770,12223,1,3
9778,13539,1,3
9782,9969,1,3
9795,10782,1,3
9795,12826,1,3
9795,13363,1,3
9795,13981,1,4
9826,11005,1,5
9826,11286,1,3
9826,11431,1,3
9826,13184,1,3
9826,15416,1,4
9851,13615,1,3
9871,13615,1,5
9875,10079,1,3
9875,12368,1,3
9903,14487,1,3
9910,10929,1,3
9940,10997,1,3
9940,11206,1,4
9940,11406,1,4
9940,11797,1,3
9940,12223,1,3
9940,12487,1,3
9940,12943,1,3
9940,12950,1,4
9940,13615,1,4
9940,14689,1,3
9940,14710,1,3
9940,14721,1,3
9940,15776,1,3
9940,15833,1,3
9945,10392,1,3
9945,10543,1,3
9945,10791,1,3
9945,11264,1,3
9945,12028,1,3
9945,12108,1,5
9945,12880,1,3
9945,12988,1,3
9945,13503,1,3
9945,13539,1,4
9945,14864,1,3
9945,15162,1,3
9945,15200,1,3
9945,15859,1,4
9958,11933,1,3
9969,10348,1,3
9969,13411,1,3
9969,14258,1,3
9969,14460,1,3
9969,15460,1,5
9969,15877,1,3
9969,16206,1,3
9982,10435,1,4
9982,12008,1,3
9982,13690,1,3
9982,14258,1,4
9982,15204,1,4
9982,15378,1,5
9982,15460,1,3
9982,15801,1,4
9982,15877,1,3
9982,16038,1,3
9991,13015,1,3
10001,10680,1,3
10001,10751,1,4
10001,10833,1,3
10001,10848,1,3
10001,11900,1,4
10001,12950,1,3
10001,14190,1,3
10001,14544,1,3
10001,15631,1,3
10001,15658,1,3
10001,15670,1,3
10001,15778,1,3
10035,13615,1,3
10043,15253,1,3
10054,15111,1,3
10062,15416,1,3
10079,11343,1,3
10079,15380,1,3
10084,10687,1,3
10084,15162,1,3
10084,16145,1,3
10089,13615,1,3
10092,11925,1,3
10092,12487,1,3
10092,12950,1,3
10092,14900,1,3
10102,12223,1,4
10102,12437,1,3
10102,12498,1,3
10102,12866,1,3
10102,13615,1,3
10102,13969,1,3
10102,14314,1,3
10102,15395,1,3
10102,16004,1,3
10103,12368,1,3
10136,10159,1,3
10148,10791,1,3
10148,11264,1,3
10148,12988,1,3
10148,15200,1,3
10148,16206,1,3
10159,10584,1,3
10159,10782,1,3
10159,12182,1,3
10159,13981,1,3
10159,15428,1,3
10160,11005,1,3
10174,10414,1,3
10174,14037,1,3
10174,14090,1,3
10174,16145,1,3
10174,16206,1,3
10175,15492,1,3
10175,15833,1,3
10178,11900,1,3
10178,12733,1,3
10178,15788,1,3
10186,16161,1,3
10204,13615,1,4
10207,15833,1,3
10221,12399,1,3
10251,13615,1,3
10260,10615,1,3
10260,11206,2,4
10260,11621,1,4
10260,12124,1,3
10260,12223,1,3
10260,13615,1,5
10260,14380,1,3
10260,14651,1,3
10260,14710,1,3
10260,14900,1,4
10260,15460,1,3
10260,15776,1,3
10260,15833,1,5
10301,14105,1,3
10315,10884,1,7
10315,12171,1,5
10315,12668,1,4
10315,13056,1,3
10315,13058,1,3
10315,13773,1,3
10315,13915,1,3
10348,11900,1,3
10348,13411,1,3
10348,13690,1,3
10348,14258,1,3
10348,14460,1,3
10348,15460,1,3
10348,15801,1,5
10348,15877,1,5
10348,16038,1,3
10348,16206,1,3
10349,13721,1,3
10364,11206,1,4
10364,13122,1,4
10364,13615,1,3
10364,14651,1,3
10364,14754,1,3
10364,15460,2,4
10367,10456,1,3
10367,13539,1,3
10367,16206,1,3
10383,12862,1,3
10383,15416,1,3
10383,15635,1,3
10383,15765,1,3
10384,13615,1,3
10384,14081,1,3
10392,10414,1,3
10392,10791,1,3
10392,11431,1,3
10392,12108,1,3
10392,12134,1,3
10392,12425,2,3
10392,12526,1,3
10392,13273,1,3
10392,13539,1,4
10392,14037,1,3
10392,15162,1,3
10392,15200,1,3
10392,15618,1,3
10392,16206,1,3
10398,10871,1,3
10398,13615,2,3
10398,15833,1,3
10399,12500,1,4
10399,13615,1,6
10399,13873,1,3
10399,13881,1,3
10399,15333,1,3
10414,14037,1,3
10414,16206,1,3
10440,10680,1,3
10455,13981,1,3
10456,13539,1,3
10456,16206,1,3
10500,15032,1,3
10500,16097,1,3
10503,15016,1,3
10532,15152,1,3
10539,12399,1,3
10539,12425,1,3
10543,13539,1,3
10543,14864,1,3
10584,12131,1,3
10584,12718,1,3
10584,13615,1,3
10584,14710,1,3
10584,15166,1,3
10584,15492,1,3
10602,11030,1,3
10602,11447,1,4
10602,12675,1,5
10602,15333,1,4
10602,15775,1,3
10602,16008,1,5
10606,12468,1,3
10606,14243,1,3
10615,11206,1,3
10615,14651,1,4
10615,15460,1,4
10638,15670,1,3
10638,16004,1,3
10641,13615,1,3
10657,13978,2,3
10680,10751,1,3
10680,11900,1,3
10687,10791,1,4
10687,11264,1,3
10687,11441,1,3
10687,12032,1,3
10687,12108,1,3
10687,12988,1,3
10687,13539,1,5
10687,13764,1,3
10687,14457,1,3
10687,15162,1,4
10687,15200,1,4
10687,15214,1,3
10687,15259,1,3
10687,15414,1,3
10687,15789,1,3
10687,16145,1,4
10687,16206,1,3
10694,14900,1,3
10766,11900,1,3
10782,13981,1,3
10785,13615,1,3
10791,11042,1,3
10791,11264,1,3
10791,11314,1,3
10791,11916,1,3
10791,12032,1,3
10791,12108,1,3
10791,12125,1,3
10791,12134,1,3
10791,12526,1,3
10791,12960,1,3
10791,12988,1,3
10791,13209,1,3
10791,13539,1,4
10791,14457,1,3
10791,14837,1,3
10791,15200,1,4
10791,15214,1,3
10791,15259,1,3
10791,15414,1,3
10791,15789,1,3
10791,15859,1,4
10791,16206,1,3
10792,12733,1,3
10815,13149,1,3
10833,14190,1,3
10833,15658,1,3
10848,15631,1,3
10848,15670,1,3
10871,13615,1,3
10871,15833,1,3
10874,12223,1,3
10874,13615,1,4
10884,12171,1,4
10884,12668,1,3
10884,13058,1,3
10884,13773,1,3
10893,15924,1,3
10897,13615,1,3
10912,13615,1,3
10915,12171,1,3
10915,12265,1,3
10915,13658,1,3
10917,11206,1,3
10928,12896,1,3
10929,12382,1,3
10929,13699,1,3
10931,13015,1,3
10931,15833,1,3
10943,11431,1,3
10943,11900,1,3
10966,11206,1,4
10966,11621,1,3
10966,12718,1,3
10966,12950,1,3
10966,13615,1,3
10966,14102,1,3
10966,14227,1,3
10966,14710,1,3
10966,15166,1,3
10982,14219,1,3
10983,13615,1,3
10990,13539,1,3
10990,14094,1,3
11003,13615,1,9
11005,11286,1,3
11005,11431,1,4
11005,12739,1,3
11005,13184,1,4
11005,13773,1,4
11005,15000,1,3
11005,15416,1,6
11005,16174,1,5
11030,11447,1,4
11030,14430,1,3
11030,15333,1,3
11030,16008,1,3
11037,11447,1,4
11038,13539,1,3
11042,13539,1,3
11042,15200,1,3
11095,13615,1,4
11105,12223,1,5
11105,12950,1,3
11105,14632,1,3
11105,14689,1,4
11105,14900,1,4
11105,15743,1,3
11105,15833,1,3
11124,12334,2,3
11135,15652,1,3
11146,12334,1,3
11151,11155,1,3
11151,12171,1,3
11155,12171,1,3
11155,12265,1,3
11155,13220,1,3
11155,13981,1,4
11155,14651,1,3
11165,15172,1,3
11165,15615,1,3
11170,12108,1,3
11170,15200,1,3
11170,16161,1,3
11195,15765,1,3
11195,15883,1,3
11206,11336,1,3
11206,11406,1,3
11206,11621,1,5
11206,11900,1,4
11206,11925,1,3
11206,12131,1,3
11206,12223,1,3
11206,12950,1,3
11206,13149,1,3
11206,13188,1,4
11206,13585,1,3
11206,13615,2,5
11206,14578,1,3
11206,14632,1,4
11206,14651,2,4
11206,14689,1,3
11206,14710,1,4
11206,14900,2,4
11206,15166,1,4
11206,15460,2,5
11206,15492,1,3
11206,15776,1,5
11206,15833,1,6
11211,13481,1,3
11221,13150,1,3
11245,11447,1,4
11245,12032,1,3
11264,12108,1,3
11264,12988,1,3
11264,15162,1,3
11264,15200,1,4
11277,12988,1,3
11277,13539,1,3
11277,15615,1,3
11286,13184,1,3
11286,15416,1,3
11291,12487,1,3
11291,13615,1,3
11291,13785,1,3
11291,14219,1,3
11291,14721,1,3
11309,12733,1,3
11309,15502,1,3
11314,11441,1,3
11314,12108,1,3
11314,12526,1,3
11314,15162,1,4
11314,15200,1,3
11336,11621,1,3
11336,12131,1,3
11336,13615,1,3
11336,14689,1,3
11336,14900,1,3
11343,13102,1,3
11351,12368,1,3
11384,12484,1,3
11388,15378,1,3
11390,12943,1,4
11390,13131,1,3
11390,13296,1,3
11390,13615,1,3
11390,14735,1,3
11404,13721,1,3
11404,13732,1,3
11406,11412,1,3
11406,11797,1,3
11406,12943,1,3
11406,12950,1,4
11406,13615,1,5
11406,14689,1,4
11406,15776,1,3
11406,15833,1,3
11407,11997,1,3
11407,15744,1,3
11412,13615,1,3
11412,14689,1,3
11431,11900,1,3
11431,12425,1,3
11431,12739,1,3
11431,13915,1,3
11431,13931,1,3
11431,15356,2,3
11431,15416,1,4
11431,15618,1,3
11431,16174,1,3
11441,12091,1,3
11441,12108,1,4
11441,15162,1,3
11441,15188,1,3
11441,15398,1,3
11441,16145,1,4
11447,12032,1,5
11447,12675,1,3
11447,13432,1,3
11447,13615,1,6
11447,14370,1,3
11447,14864,1,3
11447,14984,1,3
11447,15333,1,3
11447,15354,1,3
11447,15414,1,5
11447,16008,1,3
11490,12955,1,3
11490,15670,1,3
11492,14394,1,3
11500,12265,2,3
11500,14179,1,3
11513,13539,1,3
11513,15789,1,3
11517,11900,1,3
11517,15460,1,3
11547,16206,1,3
11621,11925,1,5
11621,12131,1,3
11621,12223,1,3
11621,12943,1,3
11621,12950,1,3
11621,13615,1,4
11621,14380,1,3
11621,14632,1,3
11621,14689,1,3
11621,14900,1,3
11621,15776,1,3
11621,15833,1,4
11682,13539,1,3
11682,14757,1,3
11702,13150,1,3
11702,14445,1,3
11719,14179,1,3
11786,13188,1,3
11786,14651,1,3
11786,15460,1,3
11797,12943,2,3
11797,12950,1,3
11797,13149,1,3
11797,13615,2,4
11797,14380,1,3
11797,14522,1,3
11797,14689,1,3
11797,14721,2,3
11797,14900,1,3
11797,15743,1,3
11797,15833,1,3
11821,12223,1,3
11849,13651,1,3
11849,14900,1,3
11854,12131,1,3
11854,13359,1,3
11854,13615,2,4
11854,14480,1,3
11854,15833,1,3
11876,12862,1,3
11876,15765,1,5
11899,12750,1,3
11900,12008,1,3
11900,12241,1,3
11900,12733,1,4
11900,12896,1,3
11900,12955,1,3
11900,13149,1,3
11900,13615,2,3
11900,13690,2,4
11900,13721,1,4
11900,13732,1,3
11900,13784,1,3
11900,13787,1,4
11900,14258,1,3
11900,14460,1,3
11900,14651,2,3
11900,14774,1,3
11900,14874,2,3
11900,14900,1,5
11900,14928,1,3
11900,15214,1,3
11900,15378,1,3
11900,15391,1,3
11900,15446,1,3
11900,15460,2,7
11900,15502,1,3
11900,15568,2,3
11900,15645,1,3
11900,15670,1,3
11900,15773,1,3
11900,15788,2,3
11900,15877,1,5
11900,16026,1,3
11900,16038,1,3
11900,16120,1,3
11900,16206,1,4
11902,15204,1,3
11902,15877,1,3
11916,15789,1,3
11922,13615,1,3
11925,12223,1,3
11925,12950,1,3
11925,13615,1,5
11925,14632,1,3
11925,14710,1,3
11925,14897,1,3
11925,14900,1,5
11925,15833,1,4
11951,15280,1,3
11963,15460,1,3
11997,15744,1,3
12008,15460,1,4
12010,14099,1,4
12028,14043,1,3
12028,14864,1,3
12028,15162,1,3
12032,12108,1,3
12032,12342,1,3
12032,12526,1,3
12032,13207,1,3
12032,13539,1,4
12032,13615,1,3
12032,14023,1,3
12032,14370,1,3
12032,14837,1,3
12032,14864,2,3
12032,15200,1,3
12032,15259,1,3
12032,15414,2,3
12032,15775,1,3
12032,15859,1,3
12091,12108,1,3
12091,16145,1,3
12108,12223,1,4
12108,12437,1,3
12108,12690,1,3
12108,12988,1,3
12108,13503,1,3
12108,13539,1,4
12108,14314,1,4
12108,14480,1,3
12108,15162,1,5
12108,15188,1,3
12108,15200,1,4
12108,15398,1,3
12108,15859,1,4
12108,16145,1,3
12108,16161,1,3
12124,12223,1,3
12124,13615,1,3
12124,15833,1,3
12125,12960,1,3
12125,13247,1,3
12125,14457,1,3
12125,15259,1,3
12125,15807,1,3
12131,12223,1,3
12131,12718,1,3
12131,12943,1,3
12131,12950,1,3
12131,13449,1,3
12131,13615,2,6
12131,14480,1,4
12131,14689,1,3
12131,14900,1,3
12131,15166,1,3
12131,15833,1,3
12134,13539,1,4
12169,15670,1,3
12171,12668,1,3
12171,12781,1,3
12171,13658,1,3
12171,13773,1,3
12171,14651,1,3
12171,15801,1,3
12223,12437,1,3
12223,12870,1,3
12223,12950,1,4
12223,13015,1,3
12223,13359,1,3
12223,13615,1,8
12223,13651,1,3
12223,14088,1,3
12223,14314,1,6
12223,14480,2,4
12223,14632,1,4
12223,14689,1,4
12223,14710,1,3
12223,14767,1,3
12223,14900,1,4
12223,15743,1,3
12223,15833,1,6
12241,15670,1,3
12258,13615,1,3
12265,14179,1,3
12277,13135,1,3
12277,13615,1,3
12277,14113,1,3
12322,13721,1,3
12332,12334,1,3
12332,12608,1,3
12332,15670,1,3
12334,12602,1,3
12334,12608,1,4
12334,12955,1,3
12334,13721,1,3
12334,14099,1,4
12334,14105,1,3
12334,14544,1,3
12334,15016,2,3
12334,15670,1,3
12368,15380,1,4
12382,13699,1,3
12390,14900,1,3
12395,13770,1,3
12399,13931,1,3
12399,15784,1,3
12425,13539,1,3
12425,15618,1,3
12425,16206,1,4
12437,14314,1,3
12478,15357,1,3
12478,15765,1,3
12487,13785,1,3
12487,14219,1,3
12487,14721,2,3
12510,13539,1,3
12526,14837,1,3
12528,15652,1,4
12585,13615,1,3
12606,12722,1,3
12606,13359,1,3
12606,15518,1,3
12608,12955,1,3
12608,14099,1,3
12665,15378,1,3
12675,13615,1,6
12675,15333,1,4
12675,15354,1,4
12675,16008,1,5
12690,14314,1,4
12692,13539,1,3
12702,12770,1,3
12702,14457,1,3
12702,14837,1,3
12718,13615,1,3
12718,14710,1,3
12718,15166,1,3
12722,13615,3,3
12722,13787,1,3
12722,14468,1,3
12722,14626,1,3
12722,15518,1,5
12728,15333,1,3
12728,15414,1,3
12733,13696,1,3
12733,15502,1,5
12733,15689,1,4
12733,15788,1,3
12739,15416,1,3
12739,16174,1,3
12742,13773,1,3
12742,15750,1,3
12750,14223,1,5
12750,16219,1,4
12753,16008,1,3
12770,14457,1,3
12770,14837,1,3
12782,13615,1,3
12826,13615,1,3
12826,13981,1,4
12826,14324,1,3
12826,14651,1,3
12833,13615,1,4
12833,14102,1,3
12833,15031,1,3
12854,15765,1,3
12854,15883,1,3
12862,15635,1,3
12862,15765,1,6
12862,15839,1,3
12884,13284,1,3
12896,13778,1,3
12896,15635,1,3
12896,15765,1,5
12896,15788,1,3
12898,13615,1,3
12898,15072,1,3
12898,15652,1,4
12936,15775,1,3
12943,12950,1,4
12943,13131,1,3
12943,13615,3,4
12943,14032,1,3
12943,14102,2,3
12943,14689,1,3
12943,14735,1,3
12943,15776,1,3
12943,15833,1,3
12950,13015,1,3
12950,13359,1,3
12950,13615,1,7
12950,13651,1,3
12950,14102,1,3
12950,14227,1,3
12950,14380,1,3
12950,14632,1,3
12950,14689,1,3
12950,14900,1,4
12950,15645,1,3
12950,15776,1,3
12950,15778,1,3
12950,15833,1,4
12955,15670,1,3
12955,15788,1,3
12960,14457,1,3
12960,15259,1,3
12988,15162,1,3
12988,15200,1,3
12988,16206,1,3
13015,14689,1,3
13015,14900,1,3
13015,15833,1,3
13026,13721,1,4
13042,14067,1,3
13042,15765,1,4
13053,13547,1,4
13053,13615,1,8
13091,16206,1,3
13110,15378,1,3
13117,14291,1,3
13117,15670,1,3
13122,13343,1,3
13131,13615,1,3
13135,13615,1,3
13149,13615,1,3
13149,13844,1,3
13149,14380,1,3
13149,14632,1,3
13149,14710,1,4
13149,14897,1,3
13149,14900,1,4
13149,15743,1,3
13149,15833,1,4
13150,14445,1,3
13178,15765,1,3
13188,14651,1,4
13188,14900,1,4
13188,15460,1,4
13207,14864,1,3
13207,15414,1,3
13207,15859,1,3
13209,15414,1,3
13220,13868,2,3
13220,13981,1,3
13220,14651,1,4
13247,15807,1,3
13273,15200,1,3
13282,13615,1,7
13282,15378,1,3
13302,15765,1,3
13315,15670,1,3
13343,13615,1,3
13343,16208,1,3
13359,13615,1,3
13359,15833,1,4
13363,13981,1,3
13388,15670,1,4
13411,15877,1,3
13443,14460,1,3
13443,15378,1,3
13443,15877,1,3
13445,13539,1,3
13445,15888,1,3
13449,13615,1,4
13539,13768,1,3
13539,14141,1,3
13539,14450,1,3
13539,14996,1,3
13539,15147,1,3
13539,15172,1,3
13539,15259,1,3
13539,15414,1,3
13539,15789,1,3
13539,15807,1,3
13539,15859,1,3
13539,16145,1,3
13539,16206,1,4
13539,16230,1,3
13547,13615,1,4
13615,13630,1,3
13615,13651,1,3
13615,13690,1,3
13615,13844,1,5
13615,13881,1,3
13615,14032,1,3
13615,14063,1,3
13615,14081,1,3
13615,14088,1,3
13615,14102,2,3
13615,14219,1,3
13615,14227,2,4
13615,14370,1,3
13615,14380,2,3
13615,14468,1,3
13615,14480,1,5
13615,14522,1,3
13615,14572,1,4
13615,14585,1,3
13615,14626,1,3
13615,14632,1,4
13615,14689,1,5
13615,14710,1,4
13615,14874,1,4
13615,14897,1,4
13615,14900,2,9
13615,14984,1,4
13615,15004,1,4
13615,15031,1,3
13615,15073,1,3
13615,15134,1,3
13615,15152,1,3
13615,15159,1,3
13615,15166,1,4
13615,15207,1,3
13615,15333,1,5
13615,15378,1,6
13615,15415,1,3
13615,15417,1,3
13615,15460,1,5
13615,15492,1,3
13615,15578,1,3
13615,15735,1,3
13615,15776,1,4
13615,15833,1,8
13615,15992,1,3
13615,16008,1,5
13615,16208,1,3
13651,14632,1,3
13651,14710,1,3
13651,14900,1,3
13651,15833,1,5
13690,14460,1,3
13690,15446,1,3
13690,15460,1,3
13690,15773,1,3
13690,15801,1,3
13690,15877,1,3
13696,15502,1,3
13721,13787,1,3
13721,15005,1,3
13721,15750,1,3
13721,16151,1,4
13731,14394,1,3
13771,15765,1,3
13773,15416,1,4
13773,16174,1,3
13785,14721,1,3
13797,14179,1,3
13811,15384,1,3
13811,15765,1,6
13844,14710,1,3
13844,14897,1,3
13844,14900,1,3
13844,15417,1,3
13844,15492,1,3
13844,15833,1,4
13851,16206,1,3
13868,14651,1,3
13868,15773,1,3
13915,15416,1,3
13931,15356,1,3
13981,15428,1,3
13981,15773,1,3
14023,15789,1,3
14032,14102,1,3
14037,15162,1,3
14037,15981,1,3
14037,16206,1,3
14067,15765,1,3
14088,14480,1,3
14090,16145,1,3
14099,14248,1,3
14099,15670,1,3
14113,15004,1,3
14128,14710,1,3
14190,15658,1,3
14223,15378,1,3
14223,15460,1,3
14227,15134,1,3
14243,14710,1,3
14258,14460,1,4
14258,15111,1,3
14258,15204,1,3
14258,15378,1,3
14258,15460,1,6
14258,15801,1,5
14258,15877,1,5
14258,16120,1,3
14270,14291,1,3
14270,15317,1,4
14277,15280,1,3
14291,15317,1,3
14291,15670,1,3
14314,14480,1,3
14314,16219,1,3
14370,14864,1,3
14370,15414,1,3
14380,14900,1,3
14380,15743,1,3
14394,16106,1,3
14416,16145,1,3
14430,15333,1,3
14450,15259,1,3
14450,16206,1,3
14457,14837,1,3
14457,15259,1,3
14457,15414,1,3
14460,15378,1,3
14460,15446,1,3
14460,15460,1,5
14460,15877,1,4
14460,16120,1,3
14468,14626,1,3
14480,14900,1,3
14480,15833,1,3
14535,15877,1,3
14578,15765,1,4
14632,14900,1,3
14632,15833,1,5
14634,15336,1,3
14651,14874,1,3
14651,14900,1,4
14651,15460,2,4
14651,15735,1,3
14689,14900,1,5
14689,15743,1,3
14689,15833,1,3
14705,15765,1,4
14706,15877,1,3
14710,14900,1,3
14710,15166,1,3
14710,15492,1,3
14710,15833,1,6
14786,15735,1,3
14837,15414,1,3
14864,15051,1,3
14864,15169,1,3
14864,15414,2,3
14864,15859,1,3
14874,14900,1,3
14874,15460,1,3
14897,14900,1,5
14897,15152,1,3
14897,15417,1,3
14897,15833,1,3
14900,15073,1,3
14900,15152,1,3
14900,15417,1,3
14900,15460,1,8
14900,15743,1,4
14900,15776,1,4
14900,15833,1,5
14900,15867,1,3
14971,15797,1,3
14984,15333,1,3
15026,15460,1,3
15026,15579,1,3
15032,16097,1,4
15032,16161,1,3
15032,16206,1,3
15051,15414,1,3
15072,15652,1,3
15111,15446,1,3
15111,15460,1,3
15162,15200,1,4
15162,15789,1,3
15162,16145,1,3
15162,16161,1,3
15172,15807,1,3
15188,15398,1,3
15188,16145,1,3
15200,15259,1,3
15200,15807,1,3
15200,16161,1,4
15204,15378,1,3
15204,15877,1,3
15204,16038,1,3
15229,15518,1,3
15259,15807,1,3
15259,16206,1,4
15333,16008,1,5
15354,16008,1,3
15357,15765,1,4
15378,15460,1,5
15380,15572,1,3
15384,15649,1,3
15384,15765,1,7
15384,15839,1,3
15398,16145,1,3
15414,15859,1,3
15414,16206,1,3
15416,16174,1,5
15417,15833,1,4
15446,15460,1,3
15460,15579,1,3
15460,15682,1,3
15460,15714,1,3
15460,15801,1,3
15460,15877,1,7
15460,16120,1,3
15460,16206,1,5
15492,15833,1,4
15502,15689,1,3
15502,16026,1,3
15631,15670,1,3
15635,15649,1,3
15635,15765,1,5
15635,15839,1,3
15645,15740,1,3
15645,15788,1,3
15649,15765,1,7
15649,15839,1,3
15649,15883,1,3
15714,16206,1,3
15743,15776,1,3
15765,15839,1,7
15765,15883,1,6
15776,15833,1,3
15788,16026,1,3
15801,15877,1,4
15839,15883,1,3
15877,16038,1,5
15877,16206,1,5
16038,16206,1,3
16097,16161,1,3
16097,16206,2,3
16106,16131,1,3
16106,16219,1,3
16161,16206,1,3
